 Sonnet Data File
 From: emgraph Version : 13.52
 From Project: A7_net_s1
 Data is De-embedded 
 Data File Written: 04/02/2015 15:21:59
Project Date: 03/30/2015 17:11:09
R 50.00000
Frequency (GHz),RE[Y11],IM[Y11],RE[Y12],IM[Y12],RE[Y13],IM[Y13],RE[Y14],IM[Y14],RE[Y21],IM[Y21],RE[Y22],IM[Y22],RE[Y23],IM[Y23],RE[Y24],IM[Y24],RE[Y31],IM[Y31],RE[Y32],IM[Y32],RE[Y33],IM[Y33],RE[Y34],IM[Y34],RE[Y41],IM[Y41],RE[Y42],IM[Y42],RE[Y43],IM[Y43],RE[Y44],IM[Y44]
0.01000000,-1.17e-6,-61.6017,1.167e-6,61.60172,-7.83e-8,0.044147,7.824e-8,-0.04415,1.168e-6,61.60172,-1.17e-6,-61.6017,7.824e-8,-0.04415,-7.83e-8,0.044147,-7.83e-8,0.044147,7.824e-8,-0.04415,-1.28e-7,-1.06299,1.320e-7,1.063015,7.824e-8,-0.04415,-7.83e-8,0.044147,1.320e-7,1.063015,-1.28e-7,-1.06299
0.02000000,-5.85e-7,-30.8124,5.859e-7,30.81236,2.873e-8,0.022055,-2.88e-8,-0.02206,5.858e-7,30.81236,-5.85e-7,-30.8124,-2.88e-8,-0.02206,2.873e-8,0.022055,2.873e-8,0.022055,-2.88e-8,-0.02206,2.765e-8,-0.53156,-1.95e-8,0.531608,-2.88e-8,-0.02206,2.873e-8,0.022055,-1.95e-8,0.531608,2.742e-8,-0.53156
0.03000000,-1.66e-7,-20.5431,1.671e-7,20.54307,1.287e-9,0.014752,-1.35e-9,-0.01475,1.672e-7,20.54307,-1.66e-7,-20.5431,-1.36e-9,-0.01475,1.280e-9,0.014752,1.287e-9,0.014752,-1.36e-9,-0.01475,1.259e-8,-0.35433,-3.3e-10,0.354392,-1.35e-9,-0.01475,1.280e-9,0.014752,-3.3e-10,0.354392,1.225e-8,-0.35433
0.04000000,-1.35e-7,-15.4076,1.369e-7,15.40759,3.51e-10,0.011058,-4.3e-10,-0.01106,1.369e-7,15.40759,-1.35e-7,-15.4076,-4.4e-10,-0.01106,3.41e-10,0.011058,3.51e-10,0.011058,-4.4e-10,-0.01106,1.254e-8,-0.26571,3.816e-9,0.265802,-4.3e-10,-0.01106,3.41e-10,0.011058,3.816e-9,0.265802,1.208e-8,-0.26572
0.05000000,-4.42e-8,-12.3262,4.626e-8,12.32619,1.76e-10,0.008850,-2.8e-10,-8.85e-3,4.627e-8,12.32619,-4.43e-8,-12.3262,-2.9e-10,-8.85e-3,1.63e-10,0.008850,1.76e-10,0.008850,-2.9e-10,-8.85e-3,1.403e-8,-0.21254,6.416e-9,0.212648,-2.8e-10,-8.85e-3,1.63e-10,0.008850,6.416e-9,0.212648,1.345e-8,-0.21254
0.06000000,-3.79e-8,-10.2719,4.035e-8,10.27188,-4.6e-10,0.007379,3.38e-10,-7.38e-3,4.035e-8,10.27188,-3.79e-8,-10.2719,3.23e-10,-7.38e-3,-4.8e-10,0.007379,-4.6e-10,0.007379,3.23e-10,-7.38e-3,1.812e-8,-0.17708,6.411e-9,0.177217,3.38e-10,-7.38e-3,-4.8e-10,0.007379,6.411e-9,0.177217,1.744e-8,-0.17709
0.07000000,-9.36e-9,-8.80449,1.219e-8,8.804510,1.03e-10,0.006324,-2.5e-10,-6.33e-3,1.219e-8,8.804510,-9.36e-9,-8.80449,-2.7e-10,-6.33e-3,8.56e-11,0.006324,1.03e-10,0.006324,-2.7e-10,-6.33e-3,2.172e-8,-0.15176,6.903e-9,0.151910,-2.5e-10,-6.33e-3,8.56e-11,0.006324,6.903e-9,0.151910,2.092e-8,-0.15176
0.08000000,-8.15e-9,-7.70395,1.138e-8,7.703964,-2.6e-11,0.005533,-1.4e-10,-5.53e-3,1.138e-8,7.703964,-8.15e-9,-7.70395,-1.6e-10,-5.53e-3,-4.6e-11,0.005533,-2.6e-11,0.005533,-1.6e-10,-5.53e-3,2.449e-8,-0.13275,8.232e-9,0.132931,-1.4e-10,-5.53e-3,-4.6e-11,0.005533,8.232e-9,0.132931,2.357e-8,-0.13276
0.09000000,5.367e-9,-6.84796,-1.73e-9,6.847983,1.06e-10,0.004918,-2.9e-10,-4.92e-3,-1.73e-9,6.847983,5.369e-9,-6.84796,-3.2e-10,-4.92e-3,8.28e-11,0.004918,1.06e-10,0.004918,-3.2e-10,-4.92e-3,2.771e-8,-0.11797,9.106e-9,0.118171,-2.9e-10,-4.92e-3,8.28e-11,0.004918,9.106e-9,0.118171,2.668e-8,-0.11798
0.10000000,-1.60e-9,-6.16318,5.650e-9,6.163201,-5.4e-11,0.004426,-1.6e-10,-4.43e-3,5.646e-9,6.163201,-1.61e-9,-6.16318,-1.8e-10,-4.43e-3,-7.9e-11,0.004426,-5.4e-11,0.004426,-1.8e-10,-4.43e-3,3.063e-8,-0.10614,1.028e-8,0.106365,-1.6e-10,-4.43e-3,-7.9e-11,0.004426,1.028e-8,0.106365,2.949e-8,-0.10615
0.20000000,4.400e-9,-3.08158,3.687e-9,3.081620,2.06e-10,0.002214,-6.3e-10,-2.22e-3,3.687e-9,3.081620,4.399e-9,-3.08158,-6.8e-10,-2.22e-3,1.55e-10,0.002214,2.06e-10,0.002214,-6.8e-10,-2.22e-3,6.136e-8,-0.05282,2.063e-8,0.053266,-6.3e-10,-2.22e-3,1.55e-10,0.002214,2.063e-8,0.053266,5.906e-8,-0.05283
0.30000000,7.674e-9,-2.05436,4.457e-9,2.054427,2.93e-10,0.001477,-9.3e-10,-1.48e-3,4.457e-9,2.054427,7.672e-9,-2.05436,-1.00e-9,-1.48e-3,2.16e-10,0.001476,2.93e-10,0.001477,-1.00e-9,-1.48e-3,9.228e-8,-0.03494,3.117e-8,0.035604,-9.3e-10,-1.48e-3,2.16e-10,0.001476,3.117e-8,0.035604,8.881e-8,-0.03496
0.40000000,1.064e-8,-1.54075,5.531e-9,1.540833,3.96e-10,0.001109,-1.25e-9,-1.11e-3,5.532e-9,1.540833,1.064e-8,-1.54075,-1.35e-9,-1.11e-3,2.93e-10,0.001108,3.96e-10,0.001109,-1.35e-9,-1.11e-3,1.235e-7,-0.02591,4.191e-8,0.026802,-1.25e-9,-1.11e-3,2.93e-10,0.001108,4.191e-8,0.026802,1.189e-7,-0.02594
0.50000000,1.339e-8,-1.23257,6.825e-9,1.232680,4.91e-10,8.879e-4,-1.57e-9,-8.94e-4,6.825e-9,1.232680,1.339e-8,-1.23257,-1.70e-9,-8.94e-4,3.60e-10,8.872e-4,4.91e-10,8.879e-4,-1.70e-9,-8.94e-4,1.552e-7,-0.02043,5.297e-8,0.021544,-1.57e-9,-8.94e-4,3.60e-10,8.872e-4,5.297e-8,0.021544,1.493e-7,-0.02046
0.60000000,1.617e-8,-1.02711,8.095e-9,1.027246,5.86e-10,7.409e-4,-1.89e-9,-7.48e-4,8.095e-9,1.027246,1.617e-8,-1.02711,-2.05e-9,-7.49e-4,4.28e-10,7.400e-4,5.86e-10,7.409e-4,-2.05e-9,-7.49e-4,1.874e-7,-0.01671,6.444e-8,0.018060,-1.89e-9,-7.48e-4,4.28e-10,7.400e-4,6.444e-8,0.018060,1.803e-7,-0.01675
0.70000000,1.886e-8,-0.88036,9.442e-9,0.880511,6.80e-10,6.360e-4,-2.23e-9,-6.44e-4,9.442e-9,0.880511,1.886e-8,-0.88036,-2.42e-9,-6.45e-4,4.92e-10,6.350e-4,6.80e-10,6.360e-4,-2.42e-9,-6.45e-4,2.203e-7,-0.01401,7.641e-8,0.015589,-2.23e-9,-6.44e-4,4.92e-10,6.350e-4,7.641e-8,0.015589,2.119e-7,-0.01405
0.80000000,2.157e-8,-0.77029,1.078e-8,0.770460,7.71e-10,5.575e-4,-2.57e-9,-5.67e-4,1.078e-8,0.770460,2.157e-8,-0.77029,-2.79e-9,-5.68e-4,5.53e-10,5.563e-4,7.71e-10,5.575e-4,-2.79e-9,-5.68e-4,2.539e-7,-0.01194,8.898e-8,0.013752,-2.57e-9,-5.67e-4,5.53e-10,5.563e-4,8.898e-8,0.013752,2.442e-7,-0.01199
0.90000000,2.428e-8,-0.68467,1.212e-8,0.684867,8.58e-10,4.965e-4,-2.92e-9,-5.07e-4,1.212e-8,0.684867,2.428e-8,-0.68467,-3.17e-9,-5.09e-4,6.09e-10,4.952e-4,8.58e-10,4.965e-4,-3.17e-9,-5.09e-4,2.885e-7,-0.01028,1.023e-7,0.012339,-2.92e-9,-5.07e-4,6.09e-10,4.952e-4,1.023e-7,0.012339,2.774e-7,-0.01034
1.00000000,2.698e-8,-0.61618,1.346e-8,0.616395,9.43e-10,4.478e-4,-3.28e-9,-4.60e-4,1.346e-8,0.616395,2.697e-8,-0.61618,-3.57e-9,-4.61e-4,6.61e-10,4.464e-4,9.43e-10,4.478e-4,-3.57e-9,-4.61e-4,3.241e-7,-8.92e-3,1.164e-7,0.011224,-3.28e-9,-4.60e-4,6.61e-10,4.464e-4,1.164e-7,0.011224,3.117e-7,-8.99e-3
1.10000000,2.968e-8,-0.56013,1.481e-8,0.560373,1.024e-9,4.081e-4,-3.66e-9,-4.21e-4,1.481e-8,0.560373,2.968e-8,-0.56013,-3.98e-9,-4.23e-4,7.06e-10,4.065e-4,1.024e-9,4.081e-4,-3.98e-9,-4.23e-4,3.611e-7,-7.78e-3,1.314e-7,0.010325,-3.66e-9,-4.21e-4,7.06e-10,4.065e-4,1.314e-7,0.010325,3.471e-7,-7.85e-3
1.20000000,3.238e-8,-0.51343,1.615e-8,0.513689,1.100e-9,3.751e-4,-4.05e-9,-3.90e-4,1.615e-8,0.513689,3.238e-8,-0.51343,-4.41e-9,-3.92e-4,7.44e-10,3.733e-4,1.100e-9,3.751e-4,-4.41e-9,-3.92e-4,3.994e-7,-6.78e-3,1.477e-7,0.009591,-4.05e-9,-3.90e-4,7.44e-10,3.733e-4,1.477e-7,0.009591,3.839e-7,-6.86e-3
1.30000000,3.509e-8,-0.47390,1.750e-8,0.474188,1.169e-9,3.471e-4,-4.45e-9,-3.63e-4,1.750e-8,0.474188,3.508e-8,-0.47390,-4.86e-9,-3.65e-4,7.74e-10,3.452e-4,1.169e-9,3.471e-4,-4.86e-9,-3.65e-4,4.394e-7,-5.91e-3,1.652e-7,0.008983,-4.45e-9,-3.63e-4,7.74e-10,3.452e-4,1.652e-7,0.008983,4.222e-7,-6.00e-3
1.40000000,3.779e-8,-0.44002,1.884e-8,0.440332,1.232e-9,3.233e-4,-4.88e-9,-3.41e-4,1.884e-8,0.440332,3.779e-8,-0.44002,-5.34e-9,-3.43e-4,7.94e-10,3.211e-4,1.232e-9,3.233e-4,-5.34e-9,-3.43e-4,4.814e-7,-5.13e-3,1.842e-7,0.008477,-4.88e-9,-3.41e-4,7.94e-10,3.211e-4,1.842e-7,0.008477,4.624e-7,-5.23e-3
1.50000000,4.049e-8,-0.41066,2.019e-8,0.410990,1.286e-9,3.026e-4,-5.33e-9,-3.22e-4,2.019e-8,0.410990,4.049e-8,-0.41066,-5.84e-9,-3.24e-4,8.01e-10,3.003e-4,1.286e-9,3.026e-4,-5.84e-9,-3.24e-4,5.254e-7,-4.43e-3,2.049e-7,0.008052,-5.33e-9,-3.22e-4,8.01e-10,3.003e-4,2.049e-7,0.008052,5.045e-7,-4.53e-3
1.60000000,4.320e-8,-0.38497,2.153e-8,0.385318,1.331e-9,2.846e-4,-5.80e-9,-3.06e-4,2.153e-8,0.385318,4.319e-8,-0.38497,-6.37e-9,-3.08e-4,7.95e-10,2.821e-4,1.331e-9,2.846e-4,-6.37e-9,-3.08e-4,5.720e-7,-3.78e-3,2.276e-7,0.007695,-5.80e-9,-3.06e-4,7.95e-10,2.821e-4,2.276e-7,0.007695,5.490e-7,-3.89e-3
1.70000000,4.590e-8,-0.36229,2.288e-8,0.362666,1.363e-9,2.687e-4,-6.30e-9,-2.92e-4,2.288e-8,0.362666,4.590e-8,-0.36229,-6.93e-9,-2.94e-4,7.73e-10,2.660e-4,1.363e-9,2.687e-4,-6.93e-9,-2.94e-4,6.213e-7,-3.18e-3,2.527e-7,0.007396,-6.30e-9,-2.92e-4,7.73e-10,2.660e-4,2.527e-7,0.007396,5.962e-7,-3.30e-3
1.80000000,4.861e-8,-0.34214,2.422e-8,0.342532,1.381e-9,2.546e-4,-6.84e-9,-2.79e-4,2.422e-8,0.342532,4.861e-8,-0.34214,-7.53e-9,-2.82e-4,7.31e-10,2.517e-4,1.381e-9,2.546e-4,-7.53e-9,-2.82e-4,6.739e-7,-2.61e-3,2.804e-7,0.007145,-6.84e-9,-2.79e-4,7.31e-10,2.517e-4,2.804e-7,0.007145,6.464e-7,-2.74e-3
1.90000000,5.132e-8,-0.32410,2.556e-8,0.324518,1.383e-9,2.420e-4,-7.41e-9,-2.69e-4,2.556e-8,0.324518,5.131e-8,-0.32410,-8.18e-9,-2.72e-4,6.66e-10,2.388e-4,1.383e-9,2.420e-4,-8.18e-9,-2.72e-4,7.303e-7,-2.07e-3,3.111e-7,0.006938,-7.41e-9,-2.69e-4,6.66e-10,2.388e-4,3.111e-7,0.006938,7.001e-7,-2.21e-3
2.00000000,5.404e-8,-0.30787,2.690e-8,0.308306,1.363e-9,2.307e-4,-8.02e-9,-2.59e-4,2.690e-8,0.308306,5.403e-8,-0.30787,-8.87e-9,-2.63e-4,5.73e-10,2.272e-4,1.363e-9,2.307e-4,-8.87e-9,-2.63e-4,7.909e-7,-1.56e-3,3.455e-7,0.006769,-8.02e-9,-2.59e-4,5.73e-10,2.272e-4,3.455e-7,0.006769,7.579e-7,-1.71e-3
2.10000000,5.674e-8,-0.29318,2.825e-8,0.293639,1.319e-9,2.204e-4,-8.68e-9,-2.51e-4,2.825e-8,0.293639,5.674e-8,-0.29318,-9.63e-9,-2.55e-4,4.47e-10,2.167e-4,1.319e-9,2.204e-4,-9.63e-9,-2.55e-4,8.565e-7,-1.06e-3,3.841e-7,0.006634,-8.68e-9,-2.51e-4,4.47e-10,2.167e-4,3.841e-7,0.006634,8.203e-7,-1.22e-3
2.20000000,5.946e-8,-0.27982,2.959e-8,0.280306,1.245e-9,2.110e-4,-9.39e-9,-2.44e-4,2.959e-8,0.280306,5.946e-8,-0.27982,-1.04e-8,-2.49e-4,2.82e-10,2.070e-4,1.245e-9,2.110e-4,-1.04e-8,-2.49e-4,9.278e-7,-5.71e-4,4.276e-7,0.006533,-9.39e-9,-2.44e-4,2.82e-10,2.070e-4,4.276e-7,0.006533,8.881e-7,-7.42e-4
2.30000000,6.217e-8,-0.26763,3.093e-8,0.268133,1.134e-9,2.024e-4,-1.02e-8,-2.38e-4,3.093e-8,0.268133,6.217e-8,-0.26763,-1.13e-8,-2.43e-4,7.00e-11,1.981e-4,1.134e-9,2.024e-4,-1.13e-8,-2.43e-4,1.006e-6,-9.03e-5,4.768e-7,0.006461,-1.02e-8,-2.38e-4,7.00e-11,1.981e-4,4.768e-7,0.006461,9.623e-7,-2.74e-4
2.40000000,6.488e-8,-0.25645,3.228e-8,0.256975,9.80e-10,1.944e-4,-1.10e-8,-2.33e-4,3.228e-8,0.256975,6.488e-8,-0.25645,-1.23e-8,-2.38e-4,-2.0e-10,1.898e-4,9.80e-10,1.944e-4,-1.23e-8,-2.38e-4,1.092e-6,3.868e-4,5.330e-7,0.006420,-1.10e-8,-2.33e-4,-2.0e-10,1.898e-4,5.330e-7,0.006420,1.044e-6,1.905e-4
2.50000000,6.760e-8,-0.24616,3.363e-8,0.246711,7.71e-10,1.870e-4,-1.19e-8,-2.29e-4,3.363e-8,0.246711,6.760e-8,-0.24616,-1.34e-8,-2.34e-4,-5.4e-10,1.820e-4,7.71e-10,1.870e-4,-1.34e-8,-2.34e-4,1.187e-6,8.650e-4,5.973e-7,0.006408,-1.19e-8,-2.29e-4,-5.4e-10,1.820e-4,5.973e-7,0.006408,1.134e-6,6.548e-4
2.60000000,7.032e-8,-0.23667,3.497e-8,0.237236,4.97e-10,1.801e-4,-1.30e-8,-2.25e-4,3.497e-8,0.237236,7.032e-8,-0.23667,-1.46e-8,-2.31e-4,-9.6e-10,1.747e-4,4.97e-10,1.801e-4,-1.46e-8,-2.31e-4,1.293e-6,0.001348,6.714e-7,0.006426,-1.30e-8,-2.25e-4,-9.6e-10,1.747e-4,6.714e-7,0.006426,1.235e-6,0.001123
2.70000000,7.303e-8,-0.22787,3.632e-8,0.228464,1.40e-10,1.736e-4,-1.41e-8,-2.22e-4,3.632e-8,0.228464,7.304e-8,-0.22787,-1.60e-8,-2.29e-4,-1.49e-9,1.678e-4,1.40e-10,1.736e-4,-1.60e-8,-2.29e-4,1.413e-6,0.001841,7.574e-7,0.006474,-1.41e-8,-2.22e-4,-1.49e-9,1.678e-4,7.574e-7,0.006474,1.348e-6,0.001599
2.80000000,7.576e-8,-0.21970,3.767e-8,0.220319,-3.2e-10,1.673e-4,-1.54e-8,-2.20e-4,3.767e-8,0.220319,7.577e-8,-0.21970,-1.75e-8,-2.27e-4,-2.15e-9,1.611e-4,-3.2e-10,1.673e-4,-1.75e-8,-2.27e-4,1.549e-6,0.002348,8.579e-7,0.006555,-1.54e-8,-2.20e-4,-2.15e-9,1.611e-4,8.579e-7,0.006555,1.476e-6,0.002089
2.90000000,7.849e-8,-0.21210,3.900e-8,0.212736,-9.1e-10,1.613e-4,-1.69e-8,-2.19e-4,3.900e-8,0.212736,7.851e-8,-0.21210,-1.93e-8,-2.26e-4,-2.97e-9,1.546e-4,-9.1e-10,1.613e-4,-1.93e-8,-2.26e-4,1.704e-6,0.002874,9.762e-7,0.006671,-1.69e-8,-2.19e-4,-2.97e-9,1.546e-4,9.762e-7,0.006671,1.623e-6,0.002595
3.00000000,8.122e-8,-0.20500,4.036e-8,0.205659,-1.66e-9,1.555e-4,-1.85e-8,-2.18e-4,4.036e-8,0.205659,8.123e-8,-0.20500,-2.13e-8,-2.26e-4,-3.99e-9,1.482e-4,-1.66e-9,1.555e-4,-2.13e-8,-2.26e-4,1.883e-6,0.003426,1.117e-6,0.006826,-1.85e-8,-2.18e-4,-3.99e-9,1.482e-4,1.117e-6,0.006826,1.792e-6,0.003125
3.10000000,8.396e-8,-0.19836,4.170e-8,0.199039,-2.61e-9,1.497e-4,-2.04e-8,-2.17e-4,4.170e-8,0.199039,8.398e-8,-0.19836,-2.36e-8,-2.26e-4,-5.27e-9,1.418e-4,-2.61e-9,1.497e-4,-2.36e-8,-2.26e-4,2.093e-6,0.004009,1.285e-6,0.007025,-2.04e-8,-2.17e-4,-5.27e-9,1.418e-4,1.285e-6,0.007025,1.990e-6,0.003684
3.20000000,8.667e-8,-0.19213,4.307e-8,0.192833,-3.84e-9,1.440e-4,-2.27e-8,-2.18e-4,4.307e-8,0.192833,8.670e-8,-0.19213,-2.63e-8,-2.28e-4,-6.89e-9,1.353e-4,-3.84e-9,1.440e-4,-2.63e-8,-2.28e-4,2.340e-6,0.004634,1.489e-6,0.007274,-2.27e-8,-2.18e-4,-6.89e-9,1.353e-4,1.489e-6,0.007274,2.223e-6,0.004282
3.30000000,8.947e-8,-0.18628,4.438e-8,0.187004,-5.42e-9,1.381e-4,-2.53e-8,-2.19e-4,4.438e-8,0.187004,8.950e-8,-0.18628,-2.95e-8,-2.30e-4,-8.94e-9,1.286e-4,-5.42e-9,1.381e-4,-2.95e-8,-2.30e-4,2.637e-6,0.005309,1.738e-6,0.007582,-2.53e-8,-2.19e-4,-8.94e-9,1.286e-4,1.738e-6,0.007582,2.502e-6,0.004926
3.40000000,9.220e-8,-0.18077,4.576e-8,0.181519,-7.47e-9,1.320e-4,-2.85e-8,-2.21e-4,4.576e-8,0.181519,9.225e-8,-0.18077,-3.35e-8,-2.33e-4,-1.16e-8,1.216e-4,-7.47e-9,1.320e-4,-3.35e-8,-2.33e-4,2.998e-6,0.006049,2.048e-6,0.007961,-2.85e-8,-2.21e-4,-1.16e-8,1.216e-4,2.048e-6,0.007961,2.842e-6,0.005632
3.50000000,9.492e-8,-0.17558,4.715e-8,0.176347,-1.02e-8,1.255e-4,-3.23e-8,-2.24e-4,4.715e-8,0.176347,9.499e-8,-0.17558,-3.83e-8,-2.38e-4,-1.50e-8,1.140e-4,-1.02e-8,1.255e-4,-3.83e-8,-2.38e-4,3.445e-6,0.006872,2.439e-6,0.008426,-3.23e-8,-2.24e-4,-1.50e-8,1.140e-4,2.439e-6,0.008426,3.262e-6,0.006413
3.60000000,9.768e-8,-0.17067,4.853e-8,0.171463,-1.37e-8,1.185e-4,-3.71e-8,-2.29e-4,4.853e-8,0.171463,9.776e-8,-0.17067,-4.43e-8,-2.43e-4,-1.95e-8,1.057e-4,-1.37e-8,1.185e-4,-4.43e-8,-2.43e-4,4.008e-6,0.007799,2.942e-6,0.008999,-3.71e-8,-2.29e-4,-1.95e-8,1.057e-4,2.942e-6,0.008999,3.791e-6,0.007294
3.70000000,1.005e-7,-0.16603,4.987e-8,0.166843,-1.86e-8,1.106e-4,-4.32e-8,-2.34e-4,4.987e-8,0.166843,1.006e-7,-0.16603,-5.19e-8,-2.51e-4,-2.55e-8,9.629e-5,-1.86e-8,1.106e-4,-5.19e-8,-2.51e-4,4.736e-6,0.008865,3.600e-6,0.009709,-4.32e-8,-2.34e-4,-2.55e-8,9.629e-5,3.600e-6,0.009709,4.474e-6,0.008303
3.80000000,1.033e-7,-0.16163,5.130e-8,0.162467,-2.52e-8,1.015e-4,-5.12e-8,-2.41e-4,5.130e-8,0.162467,1.034e-7,-0.16163,-6.21e-8,-2.60e-4,-3.38e-8,8.535e-5,-2.52e-8,1.015e-4,-6.21e-8,-2.60e-4,5.702e-6,0.010113,4.487e-6,0.010601,-5.12e-8,-2.41e-4,-3.38e-8,8.535e-5,4.487e-6,0.010601,5.380e-6,0.009484
3.90000000,1.061e-7,-0.15746,5.272e-8,0.158315,-3.47e-8,9.062e-5,-6.20e-8,-2.51e-4,5.272e-8,0.158315,1.063e-7,-0.15746,-7.58e-8,-2.73e-4,-4.56e-8,7.222e-5,-3.47e-8,9.062e-5,-7.58e-8,-2.73e-4,7.026e-6,0.011613,5.718e-6,0.011737,-6.20e-8,-2.51e-4,-4.56e-8,7.222e-5,5.718e-6,0.011737,6.621e-6,0.010899
4.00000000,1.090e-7,-0.15349,5.417e-8,0.154372,-4.86e-8,7.719e-5,-7.72e-8,-2.63e-4,5.417e-8,0.154372,1.092e-7,-0.15349,-9.53e-8,-2.89e-4,-6.27e-8,5.590e-5,-4.86e-8,7.719e-5,-9.53e-8,-2.89e-4,8.917e-6,0.013466,7.494e-6,0.013218,-7.72e-8,-2.63e-4,-6.27e-8,5.590e-5,7.494e-6,0.013218,8.393e-6,0.012645
4.10000000,1.119e-7,-0.14972,5.574e-8,0.150621,-7.01e-8,5.984e-5,-9.98e-8,-2.80e-4,5.574e-8,0.150621,1.123e-7,-0.14972,-1.24e-7,-3.11e-4,-8.90e-8,3.474e-5,-7.01e-8,5.984e-5,-1.24e-7,-3.11e-4,1.176e-5,0.015844,1.019e-5,0.015207,-9.98e-8,-2.80e-4,-8.90e-8,3.474e-5,1.019e-5,0.015207,1.106e-5,0.014883
4.20000000,1.149e-7,-0.14613,5.742e-8,0.147050,-1.05e-7,3.619e-5,-1.36e-7,-3.03e-4,5.742e-8,0.147050,1.155e-7,-0.14613,-1.71e-7,-3.41e-4,-1.32e-7,5.857e-6,-1.05e-7,3.619e-5,-1.71e-7,-3.41e-4,1.633e-5,0.019041,1.455e-5,0.017989,-1.36e-7,-3.03e-4,-1.32e-7,5.857e-6,1.455e-5,0.017989,1.534e-5,0.017887
4.30000000,1.182e-7,-0.14270,5.939e-8,0.143644,-1.68e-7,1.687e-6,-1.99e-7,-3.38e-4,5.939e-8,0.143644,1.190e-7,-0.14270,-2.53e-7,-3.85e-4,-2.09e-7,-3.63e-5,-1.68e-7,1.687e-6,-2.53e-7,-3.85e-4,2.442e-5,0.023629,2.231e-5,0.022115,-1.99e-7,-3.38e-4,-2.09e-7,-3.63e-5,2.231e-5,0.022115,2.291e-5,0.022194
4.40000000,1.220e-7,-0.13943,6.199e-8,0.140395,-2.98e-7,-5.37e-5,-3.27e-7,-3.93e-4,6.199e-8,0.140395,1.235e-7,-0.13942,-4.19e-7,-4.57e-4,-3.67e-7,-1.04e-4,-2.98e-7,-5.37e-5,-4.19e-7,-4.57e-4,4.084e-5,0.030866,3.813e-5,0.028800,-3.27e-7,-3.93e-4,-3.67e-7,-1.04e-4,3.813e-5,0.028800,3.828e-5,0.028979
4.50000000,1.275e-7,-0.13630,6.668e-8,0.137290,-6.32e-7,-1.57e-4,-6.53e-7,-4.95e-4,6.668e-8,0.137290,1.305e-7,-0.13630,-8.42e-7,-5.89e-4,-7.75e-7,-2.30e-4,-6.32e-7,-1.57e-4,-8.42e-7,-5.89e-4,8.284e-5,0.044178,7.869e-5,0.041362,-6.53e-7,-4.95e-4,-7.75e-7,-2.30e-4,7.869e-5,0.041362,7.760e-5,0.041452
4.60000000,1.412e-7,-0.13330,8.179e-8,0.134323,-2.00e-6,-4.20e-4,-1.98e-6,-7.52e-4,8.179e-8,0.134323,1.506e-7,-0.13330,-2.57e-6,-9.23e-4,-2.44e-6,-5.50e-4,-2.00e-6,-4.20e-4,-2.57e-6,-9.23e-4,2.546e-4,0.077407,2.448e-4,0.073188,-1.98e-6,-7.52e-4,-2.44e-6,-5.50e-4,2.448e-4,0.073188,2.384e-4,0.072566
4.70000000,4.077e-7,-0.13042,4.149e-7,0.131499,-3.50e-5,-2.35e-3,-3.39e-5,-2.62e-3,4.149e-7,0.131499,5.710e-7,-0.13041,-4.41e-5,-3.35e-3,-4.26e-5,-2.90e-3,-3.50e-5,-2.35e-3,-4.41e-5,-3.35e-3,0.004381,0.319045,0.004237,0.306635,-3.39e-5,-2.62e-3,-4.26e-5,-2.90e-3,0.004237,0.306635,0.004101,0.298745
4.80000000,1.908e-7,-0.12770,1.398e-7,0.128736,-7.51e-6,0.001374,-7.31e-6,9.774e-4,1.398e-7,0.128736,2.259e-7,-0.12771,-9.50e-6,0.001328,-9.15e-6,0.001633,-7.51e-6,0.001374,-9.50e-6,0.001328,9.436e-4,-0.14620,9.112e-4,-0.14380,-7.31e-6,9.774e-4,-9.15e-6,0.001633,9.112e-4,-0.14380,8.833e-4,-0.13670
4.90000000,1.433e-7,-0.12506,7.777e-8,0.126130,-1.21e-6,6.763e-4,-1.23e-6,2.977e-4,7.777e-8,0.126130,1.490e-7,-0.12507,-1.59e-6,4.445e-4,-1.48e-6,7.829e-4,-1.21e-6,6.763e-4,-1.59e-6,4.445e-4,1.564e-4,-0.05836,1.495e-4,-0.05916,-1.23e-6,2.977e-4,-1.48e-6,7.829e-4,1.495e-4,-0.05916,1.464e-4,-0.05447
5.00000000,1.401e-7,-0.12253,7.148e-8,0.123624,-4.57e-7,5.006e-4,-5.00e-7,1.227e-4,7.148e-8,0.123624,1.422e-7,-0.12253,-6.40e-7,2.178e-4,-5.63e-7,5.683e-4,-4.57e-7,5.006e-4,-6.40e-7,2.178e-4,6.227e-5,-0.03583,5.833e-5,-0.03771,-5.00e-7,1.227e-4,-5.63e-7,5.683e-4,5.833e-5,-0.03771,5.836e-5,-0.03337
5.10000000,1.410e-7,-0.12010,7.044e-8,0.121215,-2.25e-7,4.221e-4,-2.80e-7,4.112e-5,7.044e-8,0.121215,1.422e-7,-0.12010,-3.54e-7,1.127e-4,-2.82e-7,4.721e-4,-2.25e-7,4.221e-4,-3.54e-7,1.127e-4,3.366e-5,-0.02541,3.053e-5,-0.02799,-2.80e-7,4.112e-5,-2.82e-7,4.721e-4,3.053e-5,-0.02799,3.159e-5,-0.02360
5.20000000,1.431e-7,-0.11776,7.071e-8,0.118898,-1.24e-7,3.788e-4,-1.87e-7,-7.18e-6,7.071e-8,0.118898,1.437e-7,-0.11776,-2.32e-7,5.100e-5,-1.59e-7,4.186e-4,-1.24e-7,3.788e-4,-2.32e-7,5.100e-5,2.136e-5,-0.01934,1.851e-5,-0.02249,-1.87e-7,-7.18e-6,-1.59e-7,4.186e-4,1.851e-5,-0.02249,2.009e-5,-0.01791
5.30000000,1.455e-7,-0.11551,7.145e-8,0.116669,-6.97e-8,3.523e-4,-1.40e-7,-4.00e-5,7.145e-8,0.116669,1.459e-7,-0.11551,-1.70e-7,9.614e-6,-9.34e-8,3.855e-4,-6.97e-8,3.523e-4,-1.70e-7,9.614e-6,1.500e-5,-0.01532,1.222e-5,-0.01899,-1.40e-7,-4.00e-5,-9.34e-8,3.855e-4,1.222e-5,-0.01899,1.414e-5,-0.01413
5.40000000,1.481e-7,-0.11334,7.238e-8,0.114523,-3.65e-8,3.354e-4,-1.14e-7,-6.45e-5,7.238e-8,0.114523,1.484e-7,-0.11334,-1.35e-7,-2.08e-5,-5.36e-8,3.639e-4,-3.65e-8,3.354e-4,-1.35e-7,-2.08e-5,1.132e-5,-0.01243,8.497e-6,-0.01659,-1.14e-7,-6.45e-5,-5.36e-8,3.639e-4,8.497e-6,-0.01659,1.070e-5,-0.01140
5.50000000,1.508e-7,-0.11125,7.341e-8,0.112455,-1.39e-8,3.244e-4,-9.86e-8,-8.41e-5,7.341e-8,0.112455,1.510e-7,-0.11125,-1.14e-7,-4.47e-5,-2.69e-8,3.495e-4,-1.39e-8,3.244e-4,-1.14e-7,-4.47e-5,9.018e-6,-0.01021,6.098e-6,-0.01486,-9.86e-8,-8.41e-5,-2.69e-8,3.495e-4,6.098e-6,-0.01486,8.552e-6,-9.31e-3
5.60000000,1.536e-7,-0.10923,7.447e-8,0.110462,2.902e-9,3.177e-4,-8.98e-8,-1.01e-4,7.447e-8,0.110462,1.537e-7,-0.10924,-1.01e-7,-6.46e-5,-7.33e-9,3.401e-4,2.902e-9,3.177e-4,-1.01e-7,-6.46e-5,7.505e-6,-8.44e-3,4.444e-6,-0.01359,-8.98e-8,-1.01e-4,-7.33e-9,3.401e-4,4.444e-6,-0.01359,7.144e-6,-7.64e-3
5.70000000,1.565e-7,-0.10729,7.556e-8,0.108538,1.639e-8,3.140e-4,-8.53e-8,-1.16e-4,7.556e-8,0.108538,1.565e-7,-0.10729,-9.37e-8,-8.19e-5,8.096e-9,3.342e-4,1.639e-8,3.140e-4,-9.37e-8,-8.19e-5,6.479e-6,-6.97e-3,3.237e-6,-0.01262,-8.53e-8,-1.16e-4,8.096e-9,3.342e-4,3.237e-6,-0.01262,6.193e-6,-6.24e-3
5.80000000,1.593e-7,-0.10541,7.667e-8,0.106681,2.800e-8,3.127e-4,-8.36e-8,-1.29e-4,7.667e-8,0.106681,1.593e-7,-0.10541,-8.99e-8,-9.76e-5,2.111e-8,3.312e-4,2.800e-8,3.127e-4,-8.99e-8,-9.76e-5,5.772e-6,-5.71e-3,2.313e-6,-0.01189,-8.36e-8,-1.29e-4,2.111e-8,3.312e-4,2.313e-6,-0.01189,5.541e-6,-5.04e-3
5.90000000,1.623e-7,-0.10359,7.776e-8,0.104887,3.865e-8,3.136e-4,-8.42e-8,-1.43e-4,7.776e-8,0.104887,1.622e-7,-0.10359,-8.88e-8,-1.12e-4,3.279e-8,3.306e-4,3.865e-8,3.136e-4,-8.88e-8,-1.12e-4,5.286e-6,-4.60e-3,1.571e-6,-0.01133,-8.42e-8,-1.43e-4,3.279e-8,3.306e-4,1.571e-6,-0.01133,5.098e-6,-3.98e-3
6.00000000,1.652e-7,-0.10184,7.882e-8,0.103153,4.895e-8,3.162e-4,-8.67e-8,-1.56e-4,7.882e-8,0.103153,1.652e-7,-0.10184,-8.99e-8,-1.27e-4,4.386e-8,3.320e-4,4.895e-8,3.162e-4,-8.99e-8,-1.27e-4,4.962e-6,-3.60e-3,9.501e-7,-0.01092,-8.67e-8,-1.56e-4,4.386e-8,3.320e-4,9.501e-7,-0.01092,4.808e-6,-3.02e-3
6.10000000,1.682e-7,-0.10014,7.987e-8,0.101476,5.939e-8,3.207e-4,-9.10e-8,-1.69e-4,7.987e-8,0.101476,1.681e-7,-0.10014,-9.30e-8,-1.41e-4,5.489e-8,3.353e-4,5.939e-8,3.207e-4,-9.30e-8,-1.41e-4,4.765e-6,-2.68e-3,4.058e-7,-0.01062,-9.10e-8,-1.69e-4,5.489e-8,3.353e-4,4.058e-7,-0.01062,4.638e-6,-2.13e-3
6.20000000,1.713e-7,-0.09849,8.084e-8,0.099853,7.040e-8,3.268e-4,-9.71e-8,-1.82e-4,8.084e-8,0.099853,1.712e-7,-0.09849,-9.80e-8,-1.55e-4,6.632e-8,3.405e-4,7.040e-8,3.268e-4,-9.80e-8,-1.55e-4,4.671e-6,-1.81e-3,-9.25e-8,-0.01042,-9.71e-8,-1.82e-4,6.632e-8,3.405e-4,-9.25e-8,-0.01042,4.568e-6,-1.30e-3
6.30000000,1.745e-7,-0.09690,8.178e-8,0.098282,8.238e-8,3.348e-4,-1.05e-7,-1.97e-4,8.178e-8,0.098282,1.743e-7,-0.09690,-1.05e-7,-1.70e-4,7.861e-8,3.475e-4,8.238e-8,3.348e-4,-1.05e-7,-1.70e-4,4.667e-6,-9.79e-4,-5.69e-7,-0.01031,-1.05e-7,-1.97e-4,7.861e-8,3.475e-4,-5.69e-7,-0.01031,4.585e-6,-4.89e-4
6.40000000,1.777e-7,-0.09536,8.265e-8,0.096761,9.578e-8,3.446e-4,-1.15e-7,-2.12e-4,8.265e-8,0.096761,1.775e-7,-0.09536,-1.14e-7,-1.86e-4,9.222e-8,3.566e-4,9.578e-8,3.446e-4,-1.14e-7,-1.86e-4,4.750e-6,-1.68e-4,-1.04e-6,-0.01029,-1.15e-7,-2.12e-4,9.222e-8,3.566e-4,-1.04e-6,-0.01029,4.686e-6,3.029e-4
6.50000000,1.810e-7,-0.09386,8.344e-8,0.095286,1.111e-7,3.565e-4,-1.28e-7,-2.29e-4,8.344e-8,0.095286,1.808e-7,-0.09386,-1.26e-7,-2.03e-4,1.077e-7,3.677e-4,1.111e-7,3.565e-4,-1.26e-7,-2.03e-4,4.918e-6,6.398e-4,-1.54e-6,-0.01035,-1.28e-7,-2.29e-4,1.077e-7,3.677e-4,-1.54e-6,-0.01035,4.873e-6,0.001094
6.60000000,1.844e-7,-0.09241,8.410e-8,0.093856,1.291e-7,3.708e-4,-1.43e-7,-2.48e-4,8.410e-8,0.093856,1.842e-7,-0.09241,-1.40e-7,-2.22e-4,1.256e-7,3.813e-4,1.291e-7,3.708e-4,-1.40e-7,-2.22e-4,5.180e-6,0.001458,-2.07e-6,-0.01049,-1.43e-7,-2.48e-4,1.256e-7,3.813e-4,-2.07e-6,-0.01049,5.152e-6,0.001899
6.70000000,1.880e-7,-0.09100,8.463e-8,0.092469,1.504e-7,3.878e-4,-1.63e-7,-2.69e-4,8.463e-8,0.092469,1.877e-7,-0.09100,-1.59e-7,-2.43e-4,1.469e-7,3.976e-4,1.504e-7,3.878e-4,-1.59e-7,-2.43e-4,5.548e-6,0.002302,-2.67e-6,-0.01071,-1.63e-7,-2.69e-4,1.469e-7,3.976e-4,-2.67e-6,-0.01071,5.538e-6,0.002734
6.80000000,1.919e-7,-0.08963,8.493e-8,0.091122,1.764e-7,4.081e-4,-1.87e-7,-2.93e-4,8.493e-8,0.091122,1.915e-7,-0.08963,-1.82e-7,-2.66e-4,1.728e-7,4.171e-4,1.764e-7,4.081e-4,-1.82e-7,-2.66e-4,6.045e-6,0.003191,-3.37e-6,-0.01103,-1.87e-7,-2.93e-4,1.728e-7,4.171e-4,-3.37e-6,-0.01103,6.053e-6,0.003616
6.90000000,1.959e-7,-0.08830,8.501e-8,0.089815,2.086e-7,4.323e-4,-2.18e-7,-3.20e-4,8.501e-8,0.089815,1.955e-7,-0.08830,-2.11e-7,-2.93e-4,2.047e-7,4.406e-4,2.086e-7,4.323e-4,-2.11e-7,-2.93e-4,6.704e-6,0.004143,-4.19e-6,-0.01147,-2.18e-7,-3.20e-4,2.047e-7,4.406e-4,-4.19e-6,-0.01147,6.734e-6,0.004565
7.00000000,2.004e-7,-0.08701,8.470e-8,0.088545,2.494e-7,4.615e-4,-2.57e-7,-3.52e-4,8.470e-8,0.088545,1.998e-7,-0.08701,-2.49e-7,-3.24e-4,2.450e-7,4.690e-4,2.494e-7,4.615e-4,-2.49e-7,-3.24e-4,7.578e-6,0.005187,-5.21e-6,-0.01203,-2.57e-7,-3.52e-4,2.450e-7,4.690e-4,-5.21e-6,-0.01203,7.633e-6,0.005609
7.10000000,2.054e-7,-0.08575,8.389e-8,0.087311,3.022e-7,4.969e-4,-3.09e-7,-3.91e-4,8.389e-8,0.087311,2.047e-7,-0.08575,-2.99e-7,-3.61e-4,2.972e-7,5.036e-4,3.022e-7,4.969e-4,-2.99e-7,-3.61e-4,8.746e-6,0.006355,-6.51e-6,-0.01275,-3.09e-7,-3.91e-4,2.972e-7,5.036e-4,-6.51e-6,-0.01275,8.832e-6,0.006783
7.20000000,2.111e-7,-0.08453,8.235e-8,0.086111,3.727e-7,5.406e-4,-3.79e-7,-4.37e-4,8.235e-8,0.086111,2.103e-7,-0.08453,-3.66e-7,-4.06e-4,3.667e-7,5.463e-4,3.727e-7,5.406e-4,-3.66e-7,-4.06e-4,1.033e-5,0.007697,-8.22e-6,-0.01367,-3.79e-7,-4.37e-4,3.667e-7,5.463e-4,-8.22e-6,-0.01367,1.046e-5,0.008134
7.30000000,2.180e-7,-0.08334,7.970e-8,0.084943,4.696e-7,5.953e-4,-4.76e-7,-4.94e-4,7.970e-8,0.084943,2.169e-7,-0.08334,-4.59e-7,-4.61e-4,4.622e-7,6.000e-4,4.696e-7,5.953e-4,-4.59e-7,-4.61e-4,1.255e-5,0.009281,-1.05e-5,-0.01487,-4.76e-7,-4.94e-4,4.622e-7,6.000e-4,-1.05e-5,-0.01487,1.273e-5,0.009734
7.40000000,2.267e-7,-0.08218,7.530e-8,0.083807,6.083e-7,6.655e-4,-6.15e-7,-5.66e-4,7.530e-8,0.083807,2.253e-7,-0.08218,-5.93e-7,-5.32e-4,5.990e-7,6.690e-4,6.083e-7,6.655e-4,-5.93e-7,-5.32e-4,1.574e-5,0.011212,-1.38e-5,-0.01644,-6.15e-7,-5.66e-4,5.990e-7,6.690e-4,-1.38e-5,-0.01644,1.600e-5,0.011691
7.50000000,2.383e-7,-0.08105,6.799e-8,0.082700,8.172e-7,7.586e-4,-8.25e-7,-6.62e-4,6.799e-8,0.082700,2.365e-7,-0.08105,-7.95e-7,-6.24e-4,8.048e-7,7.604e-4,8.172e-7,7.586e-4,-7.95e-7,-6.24e-4,2.058e-5,0.013662,-1.88e-5,-0.01855,-8.25e-7,-6.62e-4,8.048e-7,7.604e-4,-1.88e-5,-0.01855,2.095e-5,0.014178
7.60000000,2.555e-7,-0.07995,5.534e-8,0.081620,1.153e-6,8.871e-4,-1.16e-6,-7.93e-4,5.534e-8,0.081620,2.529e-7,-0.07995,-1.12e-6,-7.50e-4,1.136e-6,8.868e-4,1.153e-6,8.871e-4,-1.12e-6,-7.50e-4,2.839e-5,0.016928,-2.67e-5,-0.02151,-1.16e-6,-7.93e-4,1.136e-6,8.868e-4,-2.67e-5,-0.02151,2.893e-5,0.017500
7.70000000,2.836e-7,-0.07887,3.199e-8,0.080567,1.746e-6,0.001075,-1.76e-6,-9.84e-4,3.199e-8,0.080567,2.798e-7,-0.07888,-1.70e-6,-9.35e-4,1.719e-6,0.001072,1.746e-6,0.001075,-1.70e-6,-9.35e-4,4.218e-5,0.021576,-4.07e-5,-0.02588,-1.76e-6,-9.84e-4,1.719e-6,0.001072,-4.07e-5,-0.02588,4.303e-5,0.022235
7.80000000,3.377e-7,-0.07782,-1.66e-8,0.079535,2.941e-6,0.001376,-2.97e-6,-1.29e-3,-1.66e-8,0.079535,3.311e-7,-0.07782,-2.86e-6,-1.23e-3,2.897e-6,0.001368,2.941e-6,0.001376,-2.86e-6,-1.23e-3,7.005e-5,0.028847,-6.89e-5,-0.03291,-2.97e-6,-1.29e-3,2.897e-6,0.001368,-6.89e-5,-0.03291,7.151e-5,0.029653
7.90000000,4.699e-7,-0.07678,-1.41e-7,0.078519,5.959e-6,0.001934,-6.02e-6,-1.85e-3,-1.41e-7,0.078519,4.566e-7,-0.07678,-5.80e-6,-1.77e-3,5.868e-6,0.001917,5.959e-6,0.001934,-5.80e-6,-1.77e-3,1.404e-4,0.042076,-1.40e-4,-0.04598,-6.02e-6,-1.85e-3,5.868e-6,0.001917,-1.40e-4,-0.04598,1.434e-4,0.043162
8.00000000,9.843e-7,-0.07573,-6.38e-7,0.077494,1.789e-5,0.003308,-1.81e-5,-3.24e-3,-6.38e-7,0.077494,9.446e-7,-0.07574,-1.74e-5,-3.11e-3,1.761e-5,0.003270,1.789e-5,0.003308,-1.74e-5,-3.11e-3,4.185e-4,0.074361,-4.21e-4,-0.07833,-1.81e-5,-3.24e-3,1.761e-5,0.003270,-4.21e-4,-0.07833,4.277e-4,0.076151
8.10000000,1.090e-5,-0.07438,-1.03e-5,0.076179,2.490e-4,0.012197,-2.52e-4,-0.01223,-1.03e-5,0.076179,1.035e-5,-0.07441,-2.42e-4,-0.01177,2.452e-4,0.012021,2.490e-4,0.012197,-2.42e-4,-0.01177,0.005807,0.281791,-5.87e-3,-0.28777,-2.52e-4,-0.01223,2.452e-4,0.012021,-5.87e-3,-0.28777,0.005936,0.288184
8.20000000,3.787e-6,-0.07426,-3.36e-6,0.076059,8.310e-5,-6.97e-3,-8.40e-5,0.007145,-3.36e-6,0.076059,3.603e-6,-0.07425,-8.09e-5,0.006894,8.182e-5,-6.85e-3,8.310e-5,-6.97e-3,-8.09e-5,0.006894,0.001939,-0.16475,-1.96e-3,0.163982,-8.40e-5,0.007145,8.182e-5,-6.85e-3,-1.96e-3,0.163982,0.001982,-0.16831
8.30000000,7.616e-7,-0.07316,-4.09e-7,0.074981,1.250e-5,-2.67e-3,-1.26e-5,0.002804,-4.09e-7,0.074981,7.339e-7,-0.07315,-1.22e-5,0.002713,1.231e-5,-2.62e-3,1.250e-5,-2.67e-3,-1.22e-5,0.002713,2.930e-4,-0.06444,-2.94e-4,0.062836,-1.26e-5,0.002804,1.231e-5,-2.62e-3,-2.94e-4,0.062836,2.994e-4,-0.06578
8.40000000,4.343e-7,-0.07222,-8.62e-8,0.074062,4.809e-6,-1.64e-3,-4.85e-6,0.001760,-8.62e-8,0.074062,4.236e-7,-0.07221,-4.67e-6,0.001708,4.736e-6,-1.60e-3,4.809e-6,-1.64e-3,-4.67e-6,0.001708,1.136e-4,-0.04016,-1.13e-4,0.038543,-4.85e-6,0.001760,4.736e-6,-1.60e-3,-1.13e-4,0.038543,1.160e-4,-0.04097
8.50000000,3.390e-7,-0.07132,1.066e-8,0.073187,2.525e-6,-1.18e-3,-2.54e-6,0.001291,1.066e-8,0.073187,3.334e-7,-0.07132,-2.45e-6,0.001256,2.487e-6,-1.15e-3,2.525e-6,-1.18e-3,-2.45e-6,0.001256,6.033e-5,-0.02914,-5.92e-5,0.027658,-2.54e-6,0.001291,2.487e-6,-1.15e-3,-5.92e-5,0.027658,6.158e-5,-0.02972
8.60000000,3.000e-7,-0.07045,5.273e-8,0.072340,1.551e-6,-9.15e-4,-1.56e-6,0.001025,5.273e-8,0.072340,2.966e-7,-0.07045,-1.50e-6,0.001000,1.529e-6,-8.88e-4,1.551e-6,-9.15e-4,-1.50e-6,0.001000,3.765e-5,-0.02280,-3.62e-5,0.021498,-1.56e-6,0.001025,1.529e-6,-8.88e-4,-3.62e-5,0.021498,3.839e-5,-0.02325
8.70000000,2.812e-7,-0.06960,7.514e-8,0.071516,1.048e-6,-7.46e-4,-1.05e-6,8.540e-4,7.514e-8,0.071516,2.789e-7,-0.06960,-1.01e-6,8.353e-4,1.034e-6,-7.21e-4,1.048e-6,-7.46e-4,-1.01e-6,8.353e-4,2.594e-5,-0.01865,-2.44e-5,0.017546,-1.05e-6,8.540e-4,1.034e-6,-7.21e-4,-2.44e-5,0.017546,2.642e-5,-0.01902
8.80000000,2.714e-7,-0.06878,8.879e-8,0.070714,7.552e-7,-6.28e-4,-7.51e-7,7.350e-4,8.879e-8,0.070714,2.698e-7,-0.06878,-7.22e-7,7.207e-4,7.451e-7,-6.05e-4,7.552e-7,-6.28e-4,-7.22e-7,7.207e-4,1.912e-5,-0.01570,-1.75e-5,0.014803,-7.51e-7,7.350e-4,7.451e-7,-6.05e-4,-1.75e-5,0.014803,1.945e-5,-0.01601
8.90000000,2.662e-7,-0.06797,9.795e-8,0.069931,5.696e-7,-5.41e-4,-5.63e-7,6.475e-4,9.795e-8,0.069931,2.650e-7,-0.06797,-5.40e-7,6.366e-4,5.625e-7,-5.19e-4,5.696e-7,-5.41e-4,-5.40e-7,6.366e-4,1.481e-5,-0.01347,-1.31e-5,0.012794,-5.63e-7,6.475e-4,5.625e-7,-5.19e-4,-1.31e-5,0.012794,1.504e-5,-0.01375
9.00000000,2.636e-7,-0.06719,1.046e-7,0.069166,4.447e-7,-4.74e-4,-4.35e-7,5.807e-4,1.046e-7,0.069166,2.627e-7,-0.06718,-4.17e-7,5.723e-4,4.397e-7,-4.54e-4,4.447e-7,-4.74e-4,-4.17e-7,5.723e-4,1.192e-5,-0.01172,-1.02e-5,0.011262,-4.35e-7,5.807e-4,4.397e-7,-4.54e-4,-1.02e-5,0.011262,1.209e-5,-0.01198
9.10000000,2.626e-7,-0.06642,1.097e-7,0.068419,3.568e-7,-4.22e-4,-3.45e-7,5.282e-4,1.097e-7,0.068419,2.619e-7,-0.06641,-3.30e-7,5.218e-4,3.532e-7,-4.02e-4,3.568e-7,-4.22e-4,-3.30e-7,5.218e-4,9.897e-6,-0.01030,-8.07e-6,0.010060,-3.45e-7,5.282e-4,3.532e-7,-4.02e-4,-8.07e-6,0.010060,1.001e-5,-0.01054
9.20000000,2.627e-7,-0.06566,1.138e-7,0.067688,2.925e-7,-3.79e-4,-2.79e-7,4.858e-4,1.138e-7,0.067688,2.620e-7,-0.06566,-2.67e-7,4.811e-4,2.901e-7,-3.60e-4,2.925e-7,-3.79e-4,-2.67e-7,4.811e-4,8.425e-6,-9.11e-3,-6.55e-6,0.009093,-2.79e-7,4.858e-4,2.901e-7,-3.60e-4,-6.55e-6,0.009093,8.506e-6,-9.34e-3
9.30000000,2.634e-7,-0.06493,1.172e-7,0.066974,2.441e-7,-3.44e-4,-2.29e-7,4.511e-4,1.172e-7,0.066974,2.628e-7,-0.06493,-2.18e-7,4.478e-4,2.426e-7,-3.25e-4,2.441e-7,-3.44e-4,-2.18e-7,4.478e-4,7.326e-6,-8.10e-3,-5.40e-6,0.008302,-2.29e-7,4.511e-4,2.426e-7,-3.25e-4,-5.40e-6,0.008302,7.380e-6,-8.31e-3
9.40000000,2.645e-7,-0.06420,1.202e-7,0.066275,2.069e-7,-3.14e-4,-1.90e-7,4.222e-4,1.202e-7,0.066275,2.641e-7,-0.06420,-1.81e-7,4.201e-4,2.060e-7,-2.96e-4,2.069e-7,-3.14e-4,-1.81e-7,4.201e-4,6.488e-6,-7.22e-3,-4.51e-6,0.007644,-1.90e-7,4.222e-4,2.060e-7,-2.96e-4,-4.51e-6,0.007644,6.520e-6,-7.42e-3
9.50000000,2.661e-7,-0.06350,1.228e-7,0.065591,1.776e-7,-2.89e-4,-1.59e-7,3.979e-4,1.228e-7,0.065591,2.657e-7,-0.06350,-1.51e-7,3.969e-4,1.773e-7,-2.71e-4,1.776e-7,-2.89e-4,-1.51e-7,3.969e-4,5.839e-6,-6.44e-3,-3.80e-6,0.007091,-1.59e-7,3.979e-4,1.773e-7,-2.71e-4,-3.80e-6,0.007091,5.853e-6,-6.64e-3
9.60000000,2.678e-7,-0.06281,1.252e-7,0.064922,1.541e-7,-2.67e-4,-1.34e-7,3.772e-4,1.252e-7,0.064922,2.675e-7,-0.06281,-1.26e-7,3.771e-4,1.544e-7,-2.49e-4,1.541e-7,-2.67e-4,-1.26e-7,3.771e-4,5.329e-6,-5.75e-3,-3.24e-6,0.006621,-1.34e-7,3.772e-4,1.544e-7,-2.49e-4,-3.24e-6,0.006621,5.328e-6,-5.94e-3
9.70000000,2.698e-7,-0.06213,1.275e-7,0.064267,1.351e-7,-2.48e-4,-1.14e-7,3.595e-4,1.275e-7,0.064267,2.696e-7,-0.06213,-1.06e-7,3.603e-4,1.359e-7,-2.31e-4,1.351e-7,-2.48e-4,-1.06e-7,3.603e-4,4.925e-6,-5.12e-3,-2.77e-6,0.006218,-1.14e-7,3.595e-4,1.359e-7,-2.31e-4,-2.77e-6,0.006218,4.910e-6,-5.31e-3
9.80000000,2.719e-7,-0.06147,1.296e-7,0.063625,1.195e-7,-2.32e-4,-9.64e-8,3.442e-4,1.296e-7,0.063625,2.717e-7,-0.06147,-8.93e-8,3.458e-4,1.207e-7,-2.14e-4,1.195e-7,-2.32e-4,-8.93e-8,3.458e-4,4.603e-6,-4.54e-3,-2.38e-6,0.005870,-9.64e-8,3.442e-4,1.207e-7,-2.14e-4,-2.38e-6,0.005870,4.577e-6,-4.73e-3
9.90000000,2.742e-7,-0.06081,1.315e-7,0.062997,1.066e-7,-2.17e-4,-8.16e-8,3.310e-4,1.315e-7,0.062997,2.740e-7,-0.06081,-7.48e-8,3.334e-4,1.081e-7,-1.99e-4,1.066e-7,-2.17e-4,-7.48e-8,3.334e-4,4.347e-6,-4.00e-3,-2.05e-6,0.005569,-8.16e-8,3.310e-4,1.081e-7,-1.99e-4,-2.05e-6,0.005569,4.309e-6,-4.20e-3
10.0000000,2.765e-7,-0.06018,1.334e-7,0.062381,9.574e-8,-2.04e-4,-6.89e-8,3.196e-4,1.334e-7,0.062381,2.764e-7,-0.06018,-6.23e-8,3.226e-4,9.769e-8,-1.86e-4,9.574e-8,-2.04e-4,-6.23e-8,3.226e-4,4.143e-6,-3.50e-3,-1.76e-6,0.005307,-6.89e-8,3.196e-4,9.769e-8,-1.86e-4,-1.76e-6,0.005307,4.095e-6,-3.70e-3
10.1000000,2.789e-7,-0.05955,1.352e-7,0.061778,8.663e-8,-1.92e-4,-5.78e-8,3.096e-4,1.352e-7,0.061778,2.788e-7,-0.05955,-5.13e-8,3.133e-4,8.894e-8,-1.74e-4,8.663e-8,-1.92e-4,-5.13e-8,3.133e-4,3.982e-6,-3.03e-3,-1.52e-6,0.005079,-5.78e-8,3.096e-4,8.894e-8,-1.74e-4,-1.52e-6,0.005079,3.925e-6,-3.24e-3
10.2000000,2.814e-7,-0.05894,1.370e-7,0.061187,7.891e-8,-1.82e-4,-4.80e-8,3.010e-4,1.370e-7,0.061187,2.813e-7,-0.05894,-4.15e-8,3.054e-4,8.159e-8,-1.64e-4,7.891e-8,-1.82e-4,-4.15e-8,3.054e-4,3.858e-6,-2.59e-3,-1.30e-6,0.004879,-4.80e-8,3.010e-4,8.159e-8,-1.64e-4,-1.30e-6,0.004879,3.792e-6,-2.79e-3
10.3000000,2.839e-7,-0.05834,1.387e-7,0.060607,7.236e-8,-1.72e-4,-3.92e-8,2.935e-4,1.387e-7,0.060607,2.838e-7,-0.05834,-3.26e-8,2.985e-4,7.540e-8,-1.54e-4,7.236e-8,-1.72e-4,-3.26e-8,2.985e-4,3.765e-6,-2.16e-3,-1.10e-6,0.004706,-3.92e-8,2.935e-4,7.540e-8,-1.54e-4,-1.10e-6,0.004706,3.689e-6,-2.37e-3
10.4000000,2.865e-7,-0.05775,1.404e-7,0.060039,6.679e-8,-1.63e-4,-3.11e-8,2.870e-4,1.404e-7,0.060039,2.864e-7,-0.05774,-2.45e-8,2.927e-4,7.019e-8,-1.45e-4,6.679e-8,-1.63e-4,-2.45e-8,2.927e-4,3.699e-6,-1.75e-3,-9.27e-7,0.004555,-3.11e-8,2.870e-4,7.019e-8,-1.45e-4,-9.27e-7,0.004555,3.614e-6,-1.97e-3
10.5000000,2.891e-7,-0.05717,1.421e-7,0.059482,6.205e-8,-1.55e-4,-2.37e-8,2.814e-4,1.421e-7,0.059482,2.891e-7,-0.05717,-1.69e-8,2.877e-4,6.584e-8,-1.36e-4,6.205e-8,-1.55e-4,-1.69e-8,2.877e-4,3.658e-6,-1.35e-3,-7.63e-7,0.004424,-2.37e-8,2.814e-4,6.584e-8,-1.36e-4,-7.63e-7,0.004424,3.563e-6,-1.58e-3
10.6000000,2.917e-7,-0.05660,1.437e-7,0.058935,5.805e-8,-1.47e-4,-1.69e-8,2.767e-4,1.437e-7,0.058935,2.917e-7,-0.05660,-9.82e-9,2.837e-4,6.222e-8,-1.29e-4,5.805e-8,-1.47e-4,-9.82e-9,2.837e-4,3.639e-6,-9.69e-4,-6.10e-7,0.004312,-1.69e-8,2.767e-4,6.222e-8,-1.29e-4,-6.10e-7,0.004312,3.533e-6,-1.20e-3
10.7000000,2.944e-7,-0.05604,1.453e-7,0.058399,5.468e-8,-1.40e-4,-1.03e-8,2.728e-4,1.453e-7,0.058399,2.944e-7,-0.05604,-3.02e-9,2.804e-4,5.927e-8,-1.21e-4,5.468e-8,-1.40e-4,-3.02e-9,2.804e-4,3.640e-6,-5.92e-4,-4.65e-7,0.004217,-1.03e-8,2.728e-4,5.927e-8,-1.21e-4,-4.65e-7,0.004217,3.524e-6,-8.35e-4
10.8000000,2.971e-7,-0.05549,1.469e-7,0.057873,5.189e-8,-1.33e-4,-4.12e-9,2.695e-4,1.469e-7,0.057873,2.972e-7,-0.05549,3.571e-9,2.778e-4,5.692e-8,-1.14e-4,5.189e-8,-1.33e-4,3.571e-9,2.778e-4,3.661e-6,-2.20e-4,-3.25e-7,0.004139,-4.12e-9,2.695e-4,5.692e-8,-1.14e-4,-3.25e-7,0.004139,3.534e-6,-4.74e-4
10.9000000,2.998e-7,-0.05495,1.485e-7,0.057357,4.962e-8,-1.27e-4,1.930e-9,2.669e-4,1.485e-7,0.057357,2.999e-7,-0.05495,1.005e-8,2.759e-4,5.513e-8,-1.08e-4,4.962e-8,-1.27e-4,1.005e-8,2.759e-4,3.701e-6,1.475e-4,-1.87e-7,0.004075,1.930e-9,2.669e-4,5.513e-8,-1.08e-4,-1.87e-7,0.004075,3.562e-6,-1.17e-4
11.0000000,3.026e-7,-0.05442,1.501e-7,0.056850,4.785e-8,-1.21e-4,7.873e-9,2.650e-4,1.501e-7,0.056850,3.027e-7,-0.05442,1.649e-8,2.747e-4,5.387e-8,-1.01e-4,4.785e-8,-1.21e-4,1.649e-8,2.747e-4,3.760e-6,5.135e-4,-4.90e-8,0.004027,7.873e-9,2.650e-4,5.387e-8,-1.01e-4,-4.90e-8,0.004027,3.608e-6,2.374e-4
11.1000000,3.054e-7,-0.05390,1.517e-7,0.056353,4.656e-8,-1.15e-4,1.379e-8,2.637e-4,1.517e-7,0.056353,3.055e-7,-0.05390,2.300e-8,2.742e-4,5.313e-8,-9.52e-5,4.656e-8,-1.15e-4,2.300e-8,2.742e-4,3.839e-6,8.796e-4,9.070e-8,0.003992,1.379e-8,2.637e-4,5.313e-8,-9.52e-5,9.070e-8,0.003992,3.672e-6,5.904e-4
11.2000000,3.081e-7,-0.05339,1.532e-7,0.055864,4.573e-8,-1.10e-4,1.976e-8,2.629e-4,1.532e-7,0.055864,3.083e-7,-0.05339,2.966e-8,2.743e-4,5.291e-8,-8.92e-5,4.573e-8,-1.10e-4,2.966e-8,2.743e-4,3.939e-6,0.001248,2.347e-7,0.003972,1.976e-8,2.629e-4,5.291e-8,-8.92e-5,2.347e-7,0.003972,3.756e-6,9.444e-4
11.3000000,3.110e-7,-0.05289,1.548e-7,0.055385,4.538e-8,-1.05e-4,2.587e-8,2.628e-4,1.548e-7,0.055385,3.112e-7,-0.05289,3.656e-8,2.750e-4,5.322e-8,-8.33e-5,4.538e-8,-1.05e-4,3.656e-8,2.750e-4,4.060e-6,0.001620,3.856e-7,0.003967,2.587e-8,2.628e-4,5.322e-8,-8.33e-5,3.856e-7,0.003967,3.860e-6,0.001301
11.4000000,3.138e-7,-0.05239,1.564e-7,0.054914,4.552e-8,-9.94e-5,3.219e-8,2.632e-4,1.564e-7,0.054914,3.140e-7,-0.05239,4.380e-8,2.764e-4,5.410e-8,-7.75e-5,4.552e-8,-9.94e-5,4.380e-8,2.764e-4,4.206e-6,0.001999,5.460e-7,0.003976,3.219e-8,2.632e-4,5.410e-8,-7.75e-5,5.460e-7,0.003976,3.986e-6,0.001662
11.5000000,3.167e-7,-0.05191,1.580e-7,0.054451,4.618e-8,-9.42e-5,3.881e-8,2.643e-4,1.580e-7,0.054451,3.169e-7,-0.05191,5.149e-8,2.785e-4,5.558e-8,-7.17e-5,4.618e-8,-9.42e-5,5.149e-8,2.785e-4,4.378e-6,0.002386,7.192e-7,0.004001,3.881e-8,2.643e-4,5.558e-8,-7.17e-5,7.192e-7,0.004001,4.135e-6,0.002030
11.6000000,3.195e-7,-0.05143,1.595e-7,0.053996,4.742e-8,-8.91e-5,4.584e-8,2.660e-4,1.595e-7,0.053996,3.199e-7,-0.05143,5.976e-8,2.813e-4,5.774e-8,-6.58e-5,4.742e-8,-8.91e-5,5.976e-8,2.813e-4,4.580e-6,0.002783,9.088e-7,0.004042,4.584e-8,2.660e-4,5.774e-8,-6.58e-5,9.088e-7,0.004042,4.312e-6,0.002407
11.7000000,3.224e-7,-0.05096,1.611e-7,0.053550,4.930e-8,-8.38e-5,5.339e-8,2.683e-4,1.611e-7,0.053550,3.228e-7,-0.05096,6.876e-8,2.848e-4,6.067e-8,-5.97e-5,4.930e-8,-8.38e-5,6.876e-8,2.848e-4,4.815e-6,0.003194,1.119e-6,0.004101,5.339e-8,2.683e-4,6.067e-8,-5.97e-5,1.119e-6,0.004101,4.519e-6,0.002795
11.8000000,3.254e-7,-0.05050,1.627e-7,0.053111,5.192e-8,-7.85e-5,6.160e-8,2.713e-4,1.627e-7,0.053111,3.258e-7,-0.05050,7.865e-8,2.892e-4,6.449e-8,-5.35e-5,5.192e-8,-7.85e-5,7.865e-8,2.892e-4,5.090e-6,0.003621,1.355e-6,0.004180,6.160e-8,2.713e-4,6.449e-8,-5.35e-5,1.355e-6,0.004180,4.761e-6,0.003197
11.9000000,3.284e-7,-0.05005,1.643e-7,0.052679,5.541e-8,-7.29e-5,7.063e-8,2.750e-4,1.643e-7,0.052679,3.289e-7,-0.05005,8.967e-8,2.944e-4,6.934e-8,-4.70e-5,5.541e-8,-7.29e-5,8.967e-8,2.944e-4,5.412e-6,0.004069,1.625e-6,0.004280,7.063e-8,2.750e-4,6.934e-8,-4.70e-5,1.625e-6,0.004280,5.044e-6,0.003616
12.0000000,3.314e-7,-0.04960,1.660e-7,0.052255,5.994e-8,-6.71e-5,8.068e-8,2.795e-4,1.660e-7,0.052255,3.320e-7,-0.04960,1.021e-7,3.006e-4,7.544e-8,-4.00e-5,5.994e-8,-6.71e-5,1.021e-7,3.006e-4,5.789e-6,0.004540,1.934e-6,0.004405,8.068e-8,2.795e-4,7.544e-8,-4.00e-5,1.934e-6,0.004405,5.376e-6,0.004056
12.1000000,3.344e-7,-0.04916,1.676e-7,0.051838,6.572e-8,-6.10e-5,9.200e-8,2.850e-4,1.676e-7,0.051838,3.351e-7,-0.04916,1.162e-7,3.079e-4,8.306e-8,-3.26e-5,6.572e-8,-6.10e-5,1.162e-7,3.079e-4,6.233e-6,0.005040,2.296e-6,0.004557,9.200e-8,2.850e-4,8.306e-8,-3.26e-5,2.296e-6,0.004557,5.767e-6,0.004521
12.2000000,3.375e-7,-0.04873,1.693e-7,0.051428,7.307e-8,-5.43e-5,1.049e-7,2.914e-4,1.693e-7,0.051428,3.384e-7,-0.04873,1.325e-7,3.164e-4,9.257e-8,-2.46e-5,7.307e-8,-5.43e-5,1.325e-7,3.164e-4,6.759e-6,0.005575,2.723e-6,0.004742,1.049e-7,2.914e-4,9.257e-8,-2.46e-5,2.723e-6,0.004742,6.230e-6,0.005016
12.3000000,3.406e-7,-0.04830,1.711e-7,0.051025,8.237e-8,-4.70e-5,1.199e-7,2.989e-4,1.711e-7,0.051025,3.417e-7,-0.04830,1.515e-7,3.263e-4,1.044e-7,-1.57e-5,8.237e-8,-4.70e-5,1.515e-7,3.263e-4,7.388e-6,0.006152,3.233e-6,0.004965,1.199e-7,2.989e-4,1.044e-7,-1.57e-5,3.233e-6,0.004965,6.783e-6,0.005548
12.4000000,3.439e-7,-0.04788,1.729e-7,0.050629,9.419e-8,-3.90e-5,1.374e-7,3.077e-4,1.729e-7,0.050629,3.451e-7,-0.04788,1.740e-7,3.379e-4,1.194e-7,-5.83e-6,9.419e-8,-3.90e-5,1.740e-7,3.379e-4,8.146e-6,0.006780,3.852e-6,0.005234,1.374e-7,3.077e-4,1.194e-7,-5.83e-6,3.852e-6,0.005234,7.449e-6,0.006124
12.5000000,3.472e-7,-0.04747,1.748e-7,0.050239,1.093e-7,-2.99e-5,1.583e-7,3.180e-4,1.748e-7,0.050239,3.486e-7,-0.04747,2.011e-7,3.514e-4,1.382e-7,5.345e-6,1.093e-7,-2.99e-5,2.011e-7,3.514e-4,9.072e-6,0.007471,4.614e-6,0.005557,1.583e-7,3.180e-4,1.382e-7,5.345e-6,4.614e-6,0.005557,8.260e-6,0.006754
12.6000000,3.506e-7,-0.04706,1.768e-7,0.049855,1.288e-7,-1.94e-5,1.837e-7,3.302e-4,1.768e-7,0.049855,3.523e-7,-0.04706,2.342e-7,3.673e-4,1.624e-7,1.818e-5,1.288e-7,-1.94e-5,2.342e-7,3.673e-4,1.022e-5,0.008239,5.567e-6,0.005949,1.837e-7,3.302e-4,1.624e-7,1.818e-5,5.567e-6,0.005949,9.264e-6,0.007453
12.7000000,3.542e-7,-0.04666,1.790e-7,0.049478,1.542e-7,-7.25e-6,2.150e-7,3.445e-4,1.790e-7,0.049478,3.563e-7,-0.04666,2.755e-7,3.861e-4,1.937e-7,3.317e-5,1.542e-7,-7.25e-6,2.755e-7,3.861e-4,1.166e-5,0.009105,6.780e-6,0.006427,2.150e-7,3.445e-4,1.937e-7,3.317e-5,6.780e-6,0.006427,1.052e-5,0.008236
12.8000000,3.579e-7,-0.04627,1.814e-7,0.049107,1.880e-7,7.214e-6,2.546e-7,3.616e-4,1.814e-7,0.049107,3.606e-7,-0.04627,3.280e-7,4.085e-4,2.350e-7,5.097e-5,1.880e-7,7.214e-6,3.280e-7,4.085e-4,1.351e-5,0.010096,8.357e-6,0.007014,2.546e-7,3.616e-4,2.350e-7,5.097e-5,8.357e-6,0.007014,1.214e-5,0.009128
12.9000000,3.620e-7,-0.04588,1.841e-7,0.048741,2.337e-7,2.476e-5,3.059e-7,3.823e-4,1.841e-7,0.048741,3.653e-7,-0.04588,3.966e-7,4.356e-4,2.908e-7,7.254e-5,2.337e-7,2.476e-5,3.966e-7,4.356e-4,1.595e-5,0.011250,1.046e-5,0.007745,3.059e-7,3.823e-4,2.908e-7,7.254e-5,1.046e-5,0.007745,1.426e-5,0.010161
13.0000000,3.665e-7,-0.04549,1.873e-7,0.048382,2.973e-7,4.655e-5,3.745e-7,4.075e-4,1.873e-7,0.048382,3.707e-7,-0.04549,4.889e-7,4.690e-4,3.679e-7,9.924e-5,2.973e-7,4.655e-5,4.889e-7,4.690e-4,1.924e-5,0.012622,1.334e-5,0.008670,3.745e-7,4.075e-4,3.679e-7,9.924e-5,1.334e-5,0.008670,1.713e-5,0.011385
13.1000000,3.716e-7,-0.04512,1.913e-7,0.048028,3.887e-7,7.432e-5,4.697e-7,4.391e-4,1.913e-7,0.048028,3.771e-7,-0.04511,6.179e-7,5.108e-4,4.783e-7,1.332e-4,3.887e-7,7.432e-5,6.179e-7,5.108e-4,2.386e-5,0.014296,1.743e-5,0.009866,4.697e-7,4.391e-4,4.783e-7,1.332e-4,1.743e-5,0.009866,2.114e-5,0.012870
13.2000000,3.777e-7,-0.04474,1.965e-7,0.047680,5.257e-7,1.109e-4,6.083e-7,4.797e-4,1.965e-7,0.047680,3.852e-7,-0.04474,8.066e-7,5.649e-4,6.434e-7,1.777e-4,5.257e-7,1.109e-4,8.066e-7,5.649e-4,3.065e-5,0.016406,2.350e-5,0.011453,6.083e-7,4.797e-4,6.434e-7,1.777e-4,2.350e-5,0.011453,2.702e-5,0.014733
13.3000000,3.856e-7,-0.04438,2.039e-7,0.047338,7.431e-7,1.610e-4,8.227e-7,5.336e-4,2.039e-7,0.047338,3.962e-7,-0.04437,1.100e-6,6.374e-4,9.045e-7,2.386e-4,7.431e-7,1.610e-4,1.100e-6,6.374e-4,4.122e-5,0.019176,3.307e-5,0.013639,8.227e-7,5.336e-4,9.045e-7,2.386e-4,3.307e-5,0.013639,3.618e-5,0.017166
13.4000000,3.968e-7,-0.04401,2.156e-7,0.047002,1.116e-6,2.335e-4,1.182e-6,6.094e-4,2.156e-7,0.047002,4.127e-7,-0.04401,1.594e-6,7.396e-4,1.351e-6,3.262e-4,1.116e-6,2.335e-4,1.594e-6,7.396e-4,5.909e-5,0.023019,4.938e-5,0.016807,1.182e-6,6.094e-4,1.351e-6,3.262e-4,4.938e-5,0.016807,5.163e-5,0.020528
13.5000000,4.155e-7,-0.04366,2.367e-7,0.046672,1.831e-6,3.465e-4,1.862e-6,7.238e-4,2.367e-7,0.046672,4.414e-7,-0.04365,2.530e-6,8.952e-4,2.207e-6,4.625e-4,1.831e-6,3.465e-4,2.530e-6,8.952e-4,9.298e-5,0.028790,8.053e-5,0.021746,1.862e-6,7.238e-4,2.207e-6,4.625e-4,8.053e-5,0.021746,8.090e-5,0.025556
13.6000000,4.540e-7,-0.04330,2.833e-7,0.046349,3.471e-6,5.450e-4,3.403e-6,9.188e-4,2.833e-7,0.046349,5.029e-7,-0.04329,4.658e-6,0.001162,4.168e-6,7.009e-4,3.471e-6,5.450e-4,4.658e-6,0.001162,1.701e-4,0.038584,1.518e-4,0.030401,3.403e-6,9.188e-4,4.168e-6,7.009e-4,1.518e-4,0.030401,1.475e-4,0.034057
13.7000000,5.698e-7,-0.04294,4.290e-7,0.046037,8.708e-6,9.764e-4,8.286e-6,0.001331,4.290e-7,0.046037,6.920e-7,-0.04293,1.141e-5,0.001729,1.042e-5,0.001218,8.708e-6,9.764e-4,1.141e-5,0.001729,4.151e-4,0.059287,3.790e-4,0.049163,8.286e-6,0.001331,1.042e-5,0.001218,3.790e-4,0.049163,3.589e-4,0.051972
13.8000000,1.415e-6,-0.04257,1.512e-6,0.045763,4.797e-5,0.002576,4.478e-5,0.002831,1.512e-6,0.045763,2.086e-6,-0.04253,6.191e-5,0.003800,5.731e-5,0.003130,4.797e-5,0.002576,6.191e-5,0.003800,0.002248,0.134547,0.002081,0.118571,4.478e-5,0.002831,5.731e-5,0.003130,0.002081,0.118571,0.001940,0.116958
13.9000000,9.497e-6,-0.04247,1.190e-5,0.045142,4.248e-4,-8.59e-3,3.948e-4,-7.52e-3,1.190e-5,0.045142,1.544e-5,-0.04259,5.464e-4,-0.01053,5.073e-4,-0.01020,4.248e-4,-8.59e-3,5.464e-4,-0.01053,0.019830,-0.38551,0.018411,-0.36500,3.948e-4,-7.52e-3,5.073e-4,-0.01020,0.018411,-0.36500,0.017108,-0.33165
14.0000000,7.598e-7,-0.04200,6.633e-7,0.045016,1.706e-5,-1.93e-3,1.612e-5,-1.32e-3,6.633e-7,0.045016,9.991e-7,-0.04202,2.223e-5,-1.96e-3,2.041e-5,-2.25e-3,1.706e-5,-1.93e-3,2.223e-5,-1.96e-3,8.074e-4,-0.07434,7.417e-4,-0.07654,1.612e-5,-1.32e-3,2.041e-5,-2.25e-3,7.417e-4,-0.07654,6.976e-4,-0.06312
14.1000000,5.086e-7,-0.04165,3.365e-7,0.044731,5.155e-6,-1.20e-3,5.094e-6,-6.22e-4,3.365e-7,0.044731,5.814e-7,-0.04167,6.963e-6,-9.93e-4,6.195e-6,-1.37e-3,5.155e-6,-1.20e-3,6.963e-6,-9.93e-4,2.532e-4,-0.03915,2.261e-4,-0.04447,5.094e-6,-6.22e-4,6.195e-6,-1.37e-3,2.261e-4,-0.04447,2.195e-4,-0.03270
14.2000000,4.530e-7,-0.04132,2.610e-7,0.044439,2.369e-6,-9.19e-4,2.544e-6,-3.44e-4,2.610e-7,0.044439,4.869e-7,-0.04133,3.423e-6,-6.14e-4,2.872e-6,-1.03e-3,2.369e-6,-9.19e-4,3.423e-6,-6.14e-4,1.245e-4,-0.02537,1.058e-4,-0.03233,2.544e-6,-3.44e-4,2.872e-6,-1.03e-3,1.058e-4,-0.03233,1.086e-4,-0.02072
14.3000000,4.341e-7,-0.04100,2.324e-7,0.044146,1.288e-6,-7.79e-4,1.585e-6,-1.90e-4,2.324e-7,0.044146,4.531e-7,-0.04101,2.083e-6,-4.08e-4,1.587e-6,-8.65e-4,1.288e-6,-7.79e-4,2.083e-6,-4.08e-4,7.569e-5,-0.01786,5.941e-5,-0.02608,1.585e-6,-1.90e-4,1.587e-6,-8.65e-4,5.941e-5,-0.02608,6.661e-5,-0.01416
14.4000000,4.272e-7,-0.04068,2.187e-7,0.043857,7.464e-7,-6.99e-4,1.136e-6,-8.84e-5,2.187e-7,0.043857,4.387e-7,-0.04069,1.446e-6,-2.75e-4,9.480e-7,-7.66e-4,7.464e-7,-6.99e-4,1.446e-6,-2.75e-4,5.234e-5,-0.01301,3.651e-5,-0.02238,1.136e-6,-8.84e-5,9.480e-7,-7.66e-4,3.651e-5,-0.02238,4.661e-5,-9.88e-3
14.5000000,4.253e-7,-0.04037,2.110e-7,0.043570,4.260e-7,-6.52e-4,9.032e-7,-1.25e-5,2.110e-7,0.043570,4.325e-7,-0.04038,1.105e-6,-1.79e-4,5.736e-7,-7.05e-4,4.260e-7,-6.52e-4,1.105e-6,-1.79e-4,3.966e-5,-9.53e-3,2.329e-5,-0.02003,9.032e-7,-1.25e-5,5.736e-7,-7.05e-4,2.329e-5,-0.02003,3.586e-5,-6.77e-3
14.6000000,4.262e-7,-0.04006,2.061e-7,0.043287,2.089e-7,-6.24e-4,7.803e-7,4.950e-5,2.061e-7,0.043287,4.305e-7,-0.04007,9.130e-7,-1.04e-4,3.245e-7,-6.67e-4,2.089e-7,-6.24e-4,9.130e-7,-1.04e-4,3.231e-5,-6.82e-3,1.468e-5,-0.01850,7.803e-7,4.950e-5,3.245e-7,-6.67e-4,1.468e-5,-0.01850,2.973e-5,-4.31e-3
14.7000000,4.287e-7,-0.03976,2.024e-7,0.043008,4.298e-8,-6.11e-4,7.233e-7,1.042e-4,2.024e-7,0.043008,4.310e-7,-0.03976,8.066e-7,-4.02e-5,1.388e-7,-6.46e-4,4.298e-8,-6.11e-4,8.066e-7,-4.02e-5,2.798e-5,-4.57e-3,8.476e-6,-0.01753,7.233e-7,1.042e-4,1.388e-7,-6.46e-4,8.476e-6,-0.01753,2.627e-5,-2.23e-3
14.8000000,4.326e-7,-0.03946,1.992e-7,0.042732,-9.97e-8,-6.09e-4,7.126e-7,1.559e-4,1.992e-7,0.042732,4.332e-7,-0.03946,7.572e-7,1.696e-5,-1.61e-8,-6.37e-4,-9.97e-8,-6.09e-4,7.572e-7,1.696e-5,2.560e-5,-2.59e-3,3.521e-6,-0.01698,7.126e-7,1.559e-4,-1.61e-8,-6.37e-4,3.521e-6,-0.01698,2.455e-5,-3.69e-4
14.9000000,4.377e-7,-0.03916,1.960e-7,0.042460,-2.37e-7,-6.17e-4,7.409e-7,2.074e-4,1.960e-7,0.042460,4.368e-7,-0.03917,7.522e-7,7.147e-5,-1.60e-7,-6.39e-4,-2.37e-7,-6.17e-4,7.522e-7,7.147e-5,2.466e-5,-7.49e-4,-8.65e-7,-0.01677,7.409e-7,2.074e-4,-1.60e-7,-6.39e-4,-8.65e-7,-0.01677,2.417e-5,0.001398
15.0000000,4.443e-7,-0.03887,1.922e-7,0.042191,-3.84e-7,-6.35e-4,8.085e-7,2.618e-4,1.922e-7,0.042191,4.418e-7,-0.03888,7.879e-7,1.264e-4,-3.09e-7,-6.52e-4,-3.84e-7,-6.35e-4,7.879e-7,1.264e-4,2.496e-5,0.001041,-5.18e-6,-0.01688,8.085e-7,2.618e-4,-3.09e-7,-6.52e-4,-5.18e-6,-0.01688,2.499e-5,0.003157
15.1000000,4.526e-7,-0.03858,1.873e-7,0.041925,-5.56e-7,-6.65e-4,9.226e-7,3.218e-4,1.873e-7,0.041925,4.484e-7,-0.03859,8.682e-7,1.846e-4,-4.79e-7,-6.76e-4,-5.56e-7,-6.65e-4,8.682e-7,1.846e-4,2.653e-5,0.002873,-9.88e-6,-0.01731,9.226e-7,3.218e-4,-4.79e-7,-6.76e-4,-9.88e-6,-0.01731,2.710e-5,0.004997
15.2000000,4.635e-7,-0.03829,1.805e-7,0.041662,-7.74e-7,-7.07e-4,1.100e-6,3.913e-4,1.805e-7,0.041662,4.572e-7,-0.03830,1.006e-6,2.498e-4,-6.91e-7,-7.13e-4,-7.74e-7,-7.07e-4,1.006e-6,2.498e-4,2.963e-5,0.004845,-1.55e-5,-0.01809,1.100e-6,3.913e-4,-6.91e-7,-7.13e-4,-1.55e-5,-0.01809,3.084e-5,0.007018
15.3000000,4.783e-7,-0.03801,1.704e-7,0.041402,-1.07e-6,-7.67e-4,1.371e-6,4.756e-4,1.704e-7,0.041402,4.693e-7,-0.03802,1.226e-6,3.266e-4,-9.77e-7,-7.67e-4,-1.07e-6,-7.67e-4,1.226e-6,3.266e-4,3.490e-5,0.007083,-2.30e-5,-0.01932,1.371e-6,4.756e-4,-9.77e-7,-7.67e-4,-2.30e-5,-0.01932,3.690e-5,0.009354
15.4000000,4.995e-7,-0.03773,1.547e-7,0.041145,-1.51e-6,-8.52e-4,1.798e-6,5.828e-4,1.547e-7,0.041145,4.865e-7,-0.03774,1.580e-6,4.222e-4,-1.39e-6,-8.44e-4,-1.51e-6,-8.52e-4,1.580e-6,4.222e-4,4.359e-5,0.009773,-3.36e-5,-0.02116,1.798e-6,5.828e-4,-1.39e-6,-8.44e-4,-3.36e-5,-0.02116,4.670e-5,0.012206
15.5000000,5.327e-7,-0.03745,1.286e-7,0.040889,-2.21e-6,-9.75e-4,2.506e-6,7.273e-4,1.286e-7,0.040889,5.134e-7,-0.03746,2.175e-6,5.488e-4,-2.05e-6,-9.57e-4,-2.21e-6,-9.75e-4,2.175e-6,5.488e-4,5.836e-5,0.013225,-5.04e-5,-0.02392,2.506e-6,7.273e-4,-2.05e-6,-9.57e-4,-5.04e-5,-0.02392,6.320e-5,0.015916
15.6000000,5.901e-7,-0.03717,8.087e-8,0.040635,-3.45e-6,-1.16e-3,3.788e-6,9.365e-4,8.087e-8,0.040635,5.596e-7,-0.03718,3.258e-6,7.299e-4,-3.22e-6,-1.13e-3,-3.45e-6,-1.16e-3,3.258e-6,7.299e-4,8.544e-5,0.018032,-7.99e-5,-0.02818,3.788e-6,9.365e-4,-3.22e-6,-1.13e-3,-7.99e-5,-0.02818,9.330e-5,0.021137
15.7000000,7.062e-7,-0.03689,-1.93e-8,0.040379,-6.01e-6,-1.47e-3,6.457e-6,0.001272,-1.93e-8,0.040379,6.529e-7,-0.03690,5.521e-6,0.001018,-5.63e-6,-1.42e-3,-6.01e-6,-1.47e-3,5.521e-6,0.001018,1.422e-4,0.025507,-1.40e-4,-0.03533,6.457e-6,0.001272,-5.63e-6,-1.42e-3,-1.40e-4,-0.03533,1.562e-4,0.029318
15.8000000,1.009e-6,-0.03660,-2.86e-7,0.040114,-1.27e-5,-2.06e-3,1.353e-5,0.001904,-2.86e-7,0.040114,8.950e-7,-0.03662,1.153e-5,0.001558,-1.20e-5,-1.97e-3,-1.27e-5,-2.06e-3,1.153e-5,0.001558,2.929e-4,0.039312,-3.00e-4,-0.04921,1.353e-5,0.001904,-1.20e-5,-1.97e-3,-3.00e-4,-0.04921,3.232e-4,0.044515
15.9000000,2.334e-6,-0.03627,-1.47e-6,0.039814,-4.24e-5,-3.63e-3,4.475e-5,0.003568,-1.47e-6,0.039814,1.954e-6,-0.03630,3.806e-5,0.002974,-3.99e-5,-3.45e-3,-4.24e-5,-3.63e-3,3.806e-5,0.002974,9.591e-4,0.075116,-1.00e-3,-0.08628,4.475e-5,0.003568,-3.99e-5,-3.45e-3,-1.00e-3,-0.08628,0.001061,0.084067
16.0000000,5.913e-5,-0.03530,-5.22e-5,0.038944,-1.32e-3,-0.01958,0.001386,0.020357,-5.22e-5,0.038944,4.734e-5,-0.03547,0.001178,0.017242,-1.24e-3,-0.01845,-1.32e-3,-0.01958,0.001178,0.017242,0.029586,0.433676,-0.03112,-0.46294,0.001386,0.020357,-1.24e-3,-0.01845,-0.03112,-0.46294,0.032745,0.480848
16.1000000,5.045e-6,-0.03615,-3.88e-6,0.039705,-1.03e-4,0.005341,1.087e-4,-5.85e-3,-3.88e-6,0.039705,4.122e-6,-0.03611,9.235e-5,-5.03e-3,-9.70e-5,0.004990,-1.03e-4,0.005341,9.235e-5,-5.03e-3,0.002323,-0.12544,-2.44e-3,0.125785,1.087e-4,-5.85e-3,-9.70e-5,0.004990,-2.44e-3,0.125785,0.002570,-0.13805
16.2000000,1.334e-6,-0.03577,-5.61e-7,0.039355,-1.98e-5,0.002282,2.093e-5,-2.63e-3,-5.61e-7,0.039355,1.157e-6,-0.03575,1.780e-5,-2.29e-3,-1.86e-5,0.002114,-1.98e-5,0.002282,1.780e-5,-2.29e-3,4.504e-4,-0.05637,-4.67e-4,0.053596,2.093e-5,-2.63e-3,-1.86e-5,0.002114,-4.67e-4,0.053596,4.977e-4,-0.06166
16.3000000,8.149e-7,-0.03548,-9.31e-8,0.039095,-8.10e-6,0.001425,8.591e-6,-1.72e-3,-9.31e-8,0.039095,7.426e-7,-0.03547,7.316e-6,-1.51e-3,-7.61e-6,0.001309,-8.10e-6,0.001425,7.316e-6,-1.51e-3,1.870e-4,-0.03675,-1.91e-4,0.033408,8.591e-6,-1.72e-3,-7.61e-6,0.001309,-1.91e-4,0.033408,2.062e-4,-0.04001
16.4000000,6.511e-7,-0.03522,5.734e-8,0.038856,-4.37e-6,0.001023,4.649e-6,-1.29e-3,5.734e-8,0.038856,6.122e-7,-0.03521,3.965e-6,-1.15e-3,-4.10e-6,9.320e-4,-4.37e-6,0.001023,3.965e-6,-1.15e-3,1.029e-4,-0.02737,-1.02e-4,0.023964,4.649e-6,-1.29e-3,-4.10e-6,9.320e-4,-1.02e-4,0.023964,1.131e-4,-0.02968
16.5000000,5.804e-7,-0.03496,1.246e-7,0.038627,-2.72e-6,7.908e-4,2.907e-6,-1.05e-3,1.246e-7,0.038627,5.562e-7,-0.03495,2.482e-6,-9.37e-4,-2.55e-6,7.140e-4,-2.72e-6,7.908e-4,2.482e-6,-9.37e-4,6.566e-5,-0.02182,-6.35e-5,0.018518,2.907e-6,-1.05e-3,-2.55e-6,7.140e-4,-6.35e-5,0.018518,7.195e-5,-0.02358
16.6000000,5.444e-7,-0.03471,1.608e-7,0.038404,-1.85e-6,6.398e-4,1.986e-6,-8.82e-4,1.608e-7,0.038404,5.280e-7,-0.03471,1.698e-6,-7.97e-4,-1.73e-6,5.725e-4,-1.85e-6,6.398e-4,1.698e-6,-7.97e-4,4.599e-5,-0.01810,-4.31e-5,0.014991,1.986e-6,-8.82e-4,-1.73e-6,5.725e-4,-4.31e-5,0.014991,5.019e-5,-0.01952
16.7000000,5.243e-7,-0.03447,1.829e-7,0.038185,-1.33e-6,5.341e-4,1.440e-6,-7.67e-4,1.829e-7,0.038185,5.125e-7,-0.03447,1.232e-6,-6.99e-4,-1.25e-6,4.736e-4,-1.33e-6,5.341e-4,1.232e-6,-6.99e-4,3.433e-5,-0.01542,-3.10e-5,0.012532,1.440e-6,-7.67e-4,-1.25e-6,4.736e-4,-3.10e-5,0.012532,3.731e-5,-0.01660
16.8000000,5.125e-7,-0.03423,1.975e-7,0.037970,-1.01e-6,4.562e-4,1.089e-6,-6.82e-4,1.975e-7,0.037970,5.037e-7,-0.03423,9.330e-7,-6.25e-4,-9.43e-7,4.007e-4,-1.01e-6,4.562e-4,9.330e-7,-6.25e-4,2.686e-5,-0.01337,-2.33e-5,0.010725,1.089e-6,-6.82e-4,-9.43e-7,4.007e-4,-2.33e-5,0.010725,2.906e-5,-0.01438
16.9000000,5.055e-7,-0.03400,2.079e-7,0.037758,-7.85e-7,3.965e-4,8.510e-7,-6.16e-4,2.079e-7,0.037758,4.986e-7,-0.03399,7.290e-7,-5.69e-4,-7.35e-7,3.449e-4,-7.85e-7,3.965e-4,7.290e-7,-5.69e-4,2.178e-5,-0.01174,-1.81e-5,0.009347,8.510e-7,-6.16e-4,-7.35e-7,3.449e-4,-1.81e-5,0.009347,2.346e-5,-0.01262
17.0000000,5.014e-7,-0.03377,2.157e-7,0.037550,-6.28e-7,3.494e-4,6.810e-7,-5.64e-4,2.157e-7,0.037550,4.959e-7,-0.03376,5.833e-7,-5.24e-4,-5.89e-7,3.010e-4,-6.28e-7,3.494e-4,5.833e-7,-5.24e-4,1.818e-5,-0.01040,-1.44e-5,0.008264,6.810e-7,-5.64e-4,-5.89e-7,3.010e-4,-1.44e-5,0.008264,1.948e-5,-0.01118
17.1000000,4.991e-7,-0.03354,2.219e-7,0.037344,-5.13e-7,3.114e-4,5.555e-7,-5.22e-4,2.219e-7,0.037344,4.947e-7,-0.03353,4.754e-7,-4.87e-4,-4.81e-7,2.655e-4,-5.13e-7,3.114e-4,4.754e-7,-4.87e-4,1.553e-5,-9.28e-3,-1.17e-5,0.007394,5.555e-7,-5.22e-4,-4.81e-7,2.655e-4,-1.17e-5,0.007394,1.656e-5,-9.98e-3
17.2000000,4.981e-7,-0.03331,2.270e-7,0.037141,-4.27e-7,2.801e-4,4.599e-7,-4.87e-4,2.270e-7,0.037141,4.945e-7,-0.03331,3.930e-7,-4.57e-4,-4.01e-7,2.362e-4,-4.27e-7,2.801e-4,3.930e-7,-4.57e-4,1.353e-5,-8.31e-3,-9.66e-6,0.006682,4.599e-7,-4.87e-4,-4.01e-7,2.362e-4,-9.66e-6,0.006682,1.435e-5,-8.95e-3
17.3000000,4.980e-7,-0.03309,2.312e-7,0.036941,-3.60e-7,2.539e-4,3.853e-7,-4.58e-4,2.312e-7,0.036941,4.950e-7,-0.03308,3.285e-7,-4.32e-4,-3.39e-7,2.118e-4,-3.60e-7,2.539e-4,3.285e-7,-4.32e-4,1.198e-5,-7.47e-3,-8.09e-6,0.006089,3.853e-7,-4.58e-4,-3.39e-7,2.118e-4,-8.09e-6,0.006089,1.264e-5,-8.06e-3
17.4000000,4.987e-7,-0.03287,2.349e-7,0.036743,-3.08e-7,2.317e-4,3.258e-7,-4.33e-4,2.349e-7,0.036743,4.961e-7,-0.03286,2.768e-7,-4.11e-4,-2.90e-7,1.911e-4,-3.08e-7,2.317e-4,2.768e-7,-4.11e-4,1.077e-5,-6.72e-3,-6.86e-6,0.005590,3.258e-7,-4.33e-4,-2.90e-7,1.911e-4,-6.86e-6,0.005590,1.130e-5,-7.27e-3
17.5000000,4.997e-7,-0.03265,2.382e-7,0.036547,-2.66e-7,2.126e-4,2.774e-7,-4.12e-4,2.382e-7,0.036547,4.975e-7,-0.03265,2.346e-7,-3.93e-4,-2.51e-7,1.733e-4,-2.66e-7,2.126e-4,2.346e-7,-3.93e-4,9.801e-6,-6.04e-3,-5.87e-6,0.005165,2.774e-7,-4.12e-4,-2.51e-7,1.733e-4,-5.87e-6,0.005165,1.023e-5,-6.56e-3
17.6000000,5.011e-7,-0.03243,2.411e-7,0.036355,-2.32e-7,1.962e-4,2.374e-7,-3.94e-4,2.411e-7,0.036355,4.992e-7,-0.03243,1.995e-7,-3.77e-4,-2.19e-7,1.579e-4,-2.32e-7,1.962e-4,1.995e-7,-3.77e-4,9.019e-6,-5.43e-3,-5.07e-6,0.004800,2.374e-7,-3.94e-4,-2.19e-7,1.579e-4,-5.07e-6,0.004800,9.363e-6,-5.92e-3
17.7000000,5.028e-7,-0.03222,2.439e-7,0.036164,-2.04e-7,1.817e-4,2.038e-7,-3.78e-4,2.439e-7,0.036164,5.012e-7,-0.03222,1.699e-7,-3.64e-4,-1.94e-7,1.444e-4,-2.04e-7,1.817e-4,1.699e-7,-3.64e-4,8.383e-6,-4.87e-3,-4.40e-6,0.004483,2.038e-7,-3.78e-4,-1.94e-7,1.444e-4,-4.40e-6,0.004483,8.656e-6,-5.34e-3
17.8000000,5.047e-7,-0.03200,2.464e-7,0.035976,-1.81e-7,1.690e-4,1.753e-7,-3.64e-4,2.464e-7,0.035976,5.033e-7,-0.03200,1.446e-7,-3.52e-4,-1.72e-7,1.324e-4,-1.81e-7,1.690e-4,1.446e-7,-3.52e-4,7.862e-6,-4.35e-3,-3.85e-6,0.004207,1.753e-7,-3.64e-4,-1.72e-7,1.324e-4,-3.85e-6,0.004207,8.075e-6,-4.80e-3
17.9000000,5.068e-7,-0.03180,2.488e-7,0.035790,-1.61e-7,1.578e-4,1.507e-7,-3.52e-4,2.488e-7,0.035790,5.056e-7,-0.03179,1.226e-7,-3.42e-4,-1.55e-7,1.218e-4,-1.61e-7,1.578e-4,1.226e-7,-3.42e-4,7.435e-6,-3.86e-3,-3.38e-6,0.003965,1.507e-7,-3.52e-4,-1.55e-7,1.218e-4,-3.38e-6,0.003965,7.595e-6,-4.30e-3
18.0000000,5.091e-7,-0.03159,2.511e-7,0.035606,-1.45e-7,1.477e-4,1.292e-7,-3.42e-4,2.511e-7,0.035606,5.080e-7,-0.03159,1.032e-7,-3.33e-4,-1.40e-7,1.122e-4,-1.45e-7,1.477e-4,1.032e-7,-3.33e-4,7.083e-6,-3.40e-3,-2.98e-6,0.003752,1.292e-7,-3.42e-4,-1.40e-7,1.122e-4,-2.98e-6,0.003752,7.197e-6,-3.83e-3
18.1000000,5.115e-7,-0.03138,2.533e-7,0.035424,-1.31e-7,1.386e-4,1.102e-7,-3.33e-4,2.533e-7,0.035424,5.105e-7,-0.03138,8.590e-8,-3.26e-4,-1.27e-7,1.036e-4,-1.31e-7,1.386e-4,8.590e-8,-3.26e-4,6.796e-6,-2.97e-3,-2.63e-6,0.003563,1.102e-7,-3.33e-4,-1.27e-7,1.036e-4,-2.63e-6,0.003563,6.868e-6,-3.39e-3
18.2000000,5.139e-7,-0.03118,2.554e-7,0.035245,-1.19e-7,1.304e-4,9.327e-8,-3.25e-4,2.554e-7,0.035245,5.131e-7,-0.03118,7.030e-8,-3.19e-4,-1.17e-7,9.579e-5,-1.19e-7,1.304e-4,7.030e-8,-3.19e-4,6.562e-6,-2.55e-3,-2.33e-6,0.003396,9.327e-8,-3.25e-4,-1.17e-7,9.579e-5,-2.33e-6,0.003396,6.596e-6,-2.97e-3
18.3000000,5.165e-7,-0.03098,2.575e-7,0.035068,-1.09e-7,1.230e-4,7.795e-8,-3.18e-4,2.575e-7,0.035068,5.158e-7,-0.03098,5.602e-8,-3.14e-4,-1.08e-7,8.861e-5,-1.09e-7,1.230e-4,5.602e-8,-3.14e-4,6.374e-6,-2.16e-3,-2.06e-6,0.003247,7.795e-8,-3.18e-4,-1.08e-7,8.861e-5,-2.06e-6,0.003247,6.374e-6,-2.57e-3
18.4000000,5.191e-7,-0.03078,2.595e-7,0.034892,-1.00e-7,1.162e-4,6.394e-8,-3.12e-4,2.595e-7,0.034892,5.185e-7,-0.03078,4.281e-8,-3.09e-4,-1.00e-7,8.199e-5,-1.00e-7,1.162e-4,4.281e-8,-3.09e-4,6.227e-6,-1.78e-3,-1.83e-6,0.003115,6.394e-8,-3.12e-4,-1.00e-7,8.199e-5,-1.83e-6,0.003115,6.194e-6,-2.19e-3
18.5000000,5.218e-7,-0.03058,2.614e-7,0.034719,-9.26e-8,1.099e-4,5.101e-8,-3.07e-4,2.614e-7,0.034719,5.213e-7,-0.03058,3.043e-8,-3.06e-4,-9.41e-8,7.586e-5,-9.26e-8,1.099e-4,3.043e-8,-3.06e-4,6.116e-6,-1.40e-3,-1.61e-6,0.002998,5.101e-8,-3.07e-4,-9.41e-8,7.586e-5,-1.61e-6,0.002998,6.051e-6,-1.82e-3
18.6000000,5.246e-7,-0.03039,2.634e-7,0.034547,-8.61e-8,1.041e-4,3.892e-8,-3.03e-4,2.634e-7,0.034547,5.242e-7,-0.03039,1.868e-8,-3.02e-4,-8.88e-8,7.013e-5,-8.61e-8,1.041e-4,1.868e-8,-3.02e-4,6.037e-6,-1.04e-3,-1.42e-6,0.002893,3.892e-8,-3.03e-4,-8.88e-8,7.013e-5,-1.42e-6,0.002893,5.941e-6,-1.46e-3
18.7000000,5.274e-7,-0.03020,2.653e-7,0.034378,-8.06e-8,9.874e-5,2.749e-8,-2.99e-4,2.653e-7,0.034378,5.271e-7,-0.03019,7.395e-9,-3.00e-4,-8.43e-8,6.474e-5,-8.06e-8,9.874e-5,7.395e-9,-3.00e-4,5.988e-6,-6.90e-4,-1.24e-6,0.002801,2.749e-8,-2.99e-4,-8.43e-8,6.474e-5,-1.24e-6,0.002801,5.862e-6,-1.11e-3
18.8000000,5.302e-7,-0.03000,2.672e-7,0.034210,-7.59e-8,9.371e-5,1.657e-8,-2.97e-4,2.672e-7,0.034210,5.300e-7,-0.03000,-3.57e-9,-2.98e-4,-8.07e-8,5.964e-5,-7.59e-8,9.371e-5,-3.57e-9,-2.98e-4,5.967e-6,-3.42e-4,-1.07e-6,0.002719,1.657e-8,-2.97e-4,-8.07e-8,5.964e-5,-1.07e-6,0.002719,5.811e-6,-7.65e-4
18.9000000,5.331e-7,-0.02982,2.690e-7,0.034045,-7.19e-8,8.898e-5,6.023e-9,-2.94e-4,2.690e-7,0.034045,5.330e-7,-0.02981,-1.44e-8,-2.97e-4,-7.79e-8,5.478e-5,-7.19e-8,8.898e-5,-1.44e-8,-2.97e-4,5.973e-6,2.056e-6,-9.11e-7,0.002648,6.023e-9,-2.94e-4,-7.79e-8,5.478e-5,-9.11e-7,0.002648,5.786e-6,-4.29e-4
19.0000000,5.361e-7,-0.02963,2.709e-7,0.033881,-6.86e-8,8.451e-5,-4.31e-9,-2.93e-4,2.709e-7,0.033881,5.361e-7,-0.02963,-2.51e-8,-2.97e-4,-7.58e-8,5.011e-5,-6.86e-8,8.451e-5,-2.51e-8,-2.97e-4,6.005e-6,3.434e-4,-7.59e-7,0.002587,-4.31e-9,-2.93e-4,-7.58e-8,5.011e-5,-7.59e-7,0.002587,5.786e-6,-9.71e-5
19.1000000,5.391e-7,-0.02944,2.727e-7,0.033719,-6.60e-8,8.025e-5,-1.45e-8,-2.92e-4,2.727e-7,0.033719,5.391e-7,-0.02944,-3.59e-8,-2.97e-4,-7.43e-8,4.560e-5,-6.60e-8,8.025e-5,-3.59e-8,-2.97e-4,6.064e-6,6.837e-4,-6.11e-7,0.002534,-1.45e-8,-2.92e-4,-7.43e-8,4.560e-5,-6.11e-7,0.002534,5.811e-6,2.321e-4
19.2000000,5.421e-7,-0.02926,2.746e-7,0.033559,-6.40e-8,7.617e-5,-2.47e-8,-2.91e-4,2.746e-7,0.033559,5.423e-7,-0.02926,-4.69e-8,-2.98e-4,-7.35e-8,4.119e-5,-6.40e-8,7.617e-5,-4.69e-8,-2.98e-4,6.148e-6,0.001024,-4.65e-7,0.002490,-2.47e-8,-2.91e-4,-7.35e-8,4.119e-5,-4.65e-7,0.002490,5.860e-6,5.600e-4
19.3000000,5.452e-7,-0.02908,2.764e-7,0.033401,-6.25e-8,7.223e-5,-3.50e-8,-2.92e-4,2.764e-7,0.033401,5.454e-7,-0.02908,-5.83e-8,-2.99e-4,-7.34e-8,3.686e-5,-6.25e-8,7.223e-5,-5.83e-8,-2.99e-4,6.260e-6,0.001367,-3.19e-7,0.002455,-3.50e-8,-2.92e-4,-7.34e-8,3.686e-5,-3.19e-7,0.002455,5.934e-6,8.879e-4
19.4000000,5.483e-7,-0.02890,2.783e-7,0.033244,-6.17e-8,6.839e-5,-4.56e-8,-2.92e-4,2.783e-7,0.033244,5.486e-7,-0.02889,-7.01e-8,-3.01e-4,-7.39e-8,3.256e-5,-6.17e-8,6.839e-5,-7.01e-8,-3.01e-4,6.400e-6,0.001713,-1.70e-7,0.002429,-4.56e-8,-2.92e-4,-7.39e-8,3.256e-5,-1.70e-7,0.002429,6.033e-6,0.001217
19.5000000,5.514e-7,-0.02872,2.801e-7,0.033089,-6.14e-8,6.463e-5,-5.64e-8,-2.94e-4,2.801e-7,0.033089,5.519e-7,-0.02872,-8.25e-8,-3.04e-4,-7.51e-8,2.826e-5,-6.14e-8,6.463e-5,-8.25e-8,-3.04e-4,6.571e-6,0.002065,-1.61e-8,0.002411,-5.64e-8,-2.94e-4,-7.51e-8,2.826e-5,-1.61e-8,0.002411,6.158e-6,0.001549
19.6000000,5.546e-7,-0.02854,2.820e-7,0.032936,-6.18e-8,6.089e-5,-6.78e-8,-2.96e-4,2.820e-7,0.032936,5.552e-7,-0.02854,-9.57e-8,-3.07e-4,-7.71e-8,2.391e-5,-6.18e-8,6.089e-5,-9.57e-8,-3.07e-4,6.774e-6,0.002423,1.457e-7,0.002402,-6.78e-8,-2.96e-4,-7.71e-8,2.391e-5,1.457e-7,0.002402,6.312e-6,0.001886
19.7000000,5.579e-7,-0.02836,2.839e-7,0.032784,-6.29e-8,5.716e-5,-7.97e-8,-2.98e-4,2.839e-7,0.032784,5.586e-7,-0.02836,-1.10e-7,-3.11e-4,-7.99e-8,1.948e-5,-6.29e-8,5.716e-5,-1.10e-7,-3.11e-4,7.014e-6,0.002789,3.184e-7,0.002403,-7.97e-8,-2.98e-4,-7.99e-8,1.948e-5,3.184e-7,0.002403,6.497e-6,0.002228
19.8000000,5.612e-7,-0.02819,2.858e-7,0.032634,-6.48e-8,5.338e-5,-9.25e-8,-3.01e-4,2.858e-7,0.032634,5.621e-7,-0.02819,-1.25e-7,-3.16e-4,-8.37e-8,1.491e-5,-6.48e-8,5.338e-5,-1.25e-7,-3.16e-4,7.295e-6,0.003166,5.054e-7,0.002413,-9.25e-8,-3.01e-4,-8.37e-8,1.491e-5,5.054e-7,0.002413,6.715e-6,0.002578
19.9000000,5.645e-7,-0.02802,2.877e-7,0.032486,-6.75e-8,4.952e-5,-1.06e-7,-3.05e-4,2.877e-7,0.032486,5.656e-7,-0.02802,-1.42e-7,-3.22e-4,-8.85e-8,1.016e-5,-6.75e-8,4.952e-5,-1.42e-7,-3.22e-4,7.621e-6,0.003556,7.109e-7,0.002434,-1.06e-7,-3.05e-4,-8.85e-8,1.016e-5,7.109e-7,0.002434,6.971e-6,0.002937
20.0000000,5.679e-7,-0.02785,2.896e-7,0.032339,-7.12e-8,4.552e-5,-1.21e-7,-3.10e-4,2.896e-7,0.032339,5.692e-7,-0.02785,-1.60e-7,-3.29e-4,-9.45e-8,5.157e-6,-7.12e-8,4.552e-5,-1.60e-7,-3.29e-4,8.000e-6,0.003961,9.396e-7,0.002466,-1.21e-7,-3.10e-4,-9.45e-8,5.157e-6,9.396e-7,0.002466,7.270e-6,0.003308
20.1000000,5.714e-7,-0.02768,2.916e-7,0.032194,-7.61e-8,4.133e-5,-1.37e-7,-3.15e-4,2.916e-7,0.032194,5.729e-7,-0.02768,-1.81e-7,-3.36e-4,-1.02e-7,-1.54e-7,-7.61e-8,4.133e-5,-1.81e-7,-3.36e-4,8.440e-6,0.004384,1.198e-6,0.002511,-1.37e-7,-3.15e-4,-1.02e-7,-1.54e-7,1.198e-6,0.002511,7.617e-6,0.003692
20.2000000,5.750e-7,-0.02751,2.936e-7,0.032050,-8.23e-8,3.689e-5,-1.55e-7,-3.22e-4,2.936e-7,0.032050,5.767e-7,-0.02751,-2.04e-7,-3.45e-4,-1.11e-7,-5.86e-6,-8.23e-8,3.689e-5,-2.04e-7,-3.45e-4,8.951e-6,0.004828,1.493e-6,0.002570,-1.55e-7,-3.22e-4,-1.11e-7,-5.86e-6,1.493e-6,0.002570,8.020e-6,0.004093
20.3000000,5.786e-7,-0.02734,2.957e-7,0.031908,-9.03e-8,3.211e-5,-1.75e-7,-3.29e-4,2.957e-7,0.031908,5.807e-7,-0.02734,-2.30e-7,-3.55e-4,-1.22e-7,-1.20e-5,-9.03e-8,3.211e-5,-2.30e-7,-3.55e-4,9.546e-6,0.005297,1.836e-6,0.002646,-1.75e-7,-3.29e-4,-1.22e-7,-1.20e-5,1.836e-6,0.002646,8.491e-6,0.004513
20.4000000,5.824e-7,-0.02718,2.979e-7,0.031767,-1.00e-7,2.691e-5,-1.98e-7,-3.37e-4,2.979e-7,0.031767,5.848e-7,-0.02718,-2.60e-7,-3.66e-4,-1.36e-7,-1.88e-5,-1.00e-7,2.691e-5,-2.60e-7,-3.66e-4,1.024e-5,0.005796,2.237e-6,0.002740,-1.98e-7,-3.37e-4,-1.36e-7,-1.88e-5,2.237e-6,0.002740,9.040e-6,0.004956
20.5000000,5.863e-7,-0.02702,3.002e-7,0.031628,-1.13e-7,2.117e-5,-2.24e-7,-3.46e-4,3.002e-7,0.031628,5.891e-7,-0.02701,-2.95e-7,-3.79e-4,-1.53e-7,-2.64e-5,-1.13e-7,2.117e-5,-2.95e-7,-3.79e-4,1.107e-5,0.006330,2.713e-6,0.002857,-2.24e-7,-3.46e-4,-1.53e-7,-2.64e-5,2.713e-6,0.002857,9.684e-6,0.005426
20.6000000,5.903e-7,-0.02685,3.026e-7,0.031490,-1.29e-7,1.474e-5,-2.53e-7,-3.57e-4,3.026e-7,0.031490,5.937e-7,-0.02685,-3.35e-7,-3.93e-4,-1.74e-7,-3.48e-5,-1.29e-7,1.474e-5,-3.35e-7,-3.93e-4,1.204e-5,0.006906,3.285e-6,0.003000,-2.53e-7,-3.57e-4,-1.74e-7,-3.48e-5,3.285e-6,0.003000,1.045e-5,0.005928
20.7000000,5.945e-7,-0.02669,3.051e-7,0.031354,-1.49e-7,7.443e-6,-2.88e-7,-3.70e-4,3.051e-7,0.031354,5.985e-7,-0.02669,-3.83e-7,-4.10e-4,-2.00e-7,-4.44e-5,-1.49e-7,7.443e-6,-3.83e-7,-4.10e-4,1.321e-5,0.007532,3.983e-6,0.003175,-2.88e-7,-3.70e-4,-2.00e-7,-4.44e-5,3.983e-6,0.003175,1.135e-5,0.006468
20.8000000,5.990e-7,-0.02653,3.079e-7,0.031219,-1.74e-7,-9.62e-7,-3.29e-7,-3.84e-4,3.079e-7,0.031219,6.038e-7,-0.02653,-4.40e-7,-4.30e-4,-2.33e-7,-5.54e-5,-1.74e-7,-9.62e-7,-4.40e-7,-4.30e-4,1.462e-5,0.008219,4.846e-6,0.003389,-3.29e-7,-3.84e-4,-2.33e-7,-5.54e-5,4.846e-6,0.003389,1.244e-5,0.007056
20.9000000,6.037e-7,-0.02638,3.110e-7,0.031086,-2.07e-7,-1.08e-5,-3.78e-7,-4.00e-4,3.110e-7,0.031086,6.095e-7,-0.02637,-5.10e-7,-4.52e-4,-2.75e-7,-6.83e-5,-2.07e-7,-1.08e-5,-5.10e-7,-4.52e-4,1.635e-5,0.008980,5.929e-6,0.003650,-3.78e-7,-4.00e-4,-2.75e-7,-6.83e-5,5.929e-6,0.003650,1.377e-5,0.007700
21.0000000,6.089e-7,-0.02622,3.145e-7,0.030954,-2.50e-7,-2.25e-5,-4.37e-7,-4.19e-4,3.145e-7,0.030954,6.160e-7,-0.02622,-5.96e-7,-4.78e-4,-3.29e-7,-8.35e-5,-2.50e-7,-2.25e-5,-5.96e-7,-4.78e-4,1.850e-5,0.009834,7.312e-6,0.003972,-4.37e-7,-4.19e-4,-3.29e-7,-8.35e-5,7.312e-6,0.003972,1.541e-5,0.008414
21.1000000,6.145e-7,-0.02606,3.185e-7,0.030824,-3.07e-7,-3.65e-5,-5.11e-7,-4.42e-4,3.185e-7,0.030824,6.233e-7,-0.02606,-7.05e-7,-5.09e-4,-3.99e-7,-1.02e-4,-3.07e-7,-3.65e-5,-7.05e-7,-5.09e-4,2.122e-5,0.010804,9.113e-6,0.004372,-5.11e-7,-4.42e-4,-3.99e-7,-1.02e-4,9.113e-6,0.004372,1.746e-5,0.009215
21.2000000,6.209e-7,-0.02591,3.233e-7,0.030695,-3.83e-7,-5.39e-5,-6.05e-7,-4.68e-4,3.233e-7,0.030695,6.319e-7,-0.02590,-8.45e-7,-5.46e-4,-4.94e-7,-1.24e-4,-3.83e-7,-5.39e-5,-8.45e-7,-5.46e-4,2.475e-5,0.011923,1.151e-5,0.004875,-6.05e-7,-4.68e-4,-4.94e-7,-1.24e-4,1.151e-5,0.004875,2.010e-5,0.010128
21.3000000,6.283e-7,-0.02575,3.293e-7,0.030567,-4.89e-7,-7.56e-5,-7.28e-7,-5.00e-4,3.293e-7,0.030567,6.423e-7,-0.02575,-1.03e-6,-5.91e-4,-6.24e-7,-1.51e-4,-4.89e-7,-7.56e-5,-1.03e-6,-5.91e-4,2.942e-5,0.013238,1.479e-5,0.005516,-7.28e-7,-5.00e-4,-6.24e-7,-1.51e-4,1.479e-5,0.005516,2.357e-5,0.011186
21.4000000,6.371e-7,-0.02560,3.371e-7,0.030441,-6.41e-7,-1.04e-4,-8.93e-7,-5.38e-4,3.371e-7,0.030441,6.555e-7,-0.02560,-1.29e-6,-6.47e-4,-8.07e-7,-1.87e-4,-6.41e-7,-1.04e-4,-1.29e-6,-6.47e-4,3.583e-5,0.014817,1.943e-5,0.006348,-8.93e-7,-5.38e-4,-8.07e-7,-1.87e-4,1.943e-5,0.006348,2.828e-5,0.012439
21.5000000,6.483e-7,-0.02545,3.478e-7,0.030317,-8.65e-7,-1.41e-4,-1.12e-6,-5.86e-4,3.478e-7,0.030317,6.730e-7,-0.02544,-1.65e-6,-7.17e-4,-1.08e-6,-2.33e-4,-8.65e-7,-1.41e-4,-1.65e-6,-7.17e-4,4.498e-5,0.016769,2.623e-5,0.007456,-1.12e-6,-5.86e-4,-1.08e-6,-2.33e-4,2.623e-5,0.007456,3.495e-5,0.013962
21.6000000,6.632e-7,-0.02530,3.635e-7,0.030194,-1.21e-6,-1.91e-4,-1.47e-6,-6.48e-4,3.635e-7,0.030194,6.977e-7,-0.02529,-2.20e-6,-8.09e-4,-1.50e-6,-2.95e-4,-1.21e-6,-1.91e-4,-2.20e-6,-8.09e-4,5.874e-5,0.019265,3.674e-5,0.008979,-1.47e-6,-6.48e-4,-1.50e-6,-2.95e-4,3.674e-5,0.008979,4.489e-5,0.015881
21.7000000,6.851e-7,-0.02515,3.884e-7,0.030074,-1.80e-6,-2.64e-4,-2.01e-6,-7.30e-4,3.884e-7,0.030074,7.358e-7,-0.02514,-3.08e-6,-9.35e-4,-2.19e-6,-3.84e-4,-1.80e-6,-2.64e-4,-3.08e-6,-9.35e-4,8.090e-5,0.022612,5.411e-5,0.011164,-2.01e-6,-7.30e-4,-2.19e-6,-3.84e-4,5.411e-5,0.011164,6.076e-5,0.018409
21.8000000,7.210e-7,-0.02500,4.323e-7,0.029956,-2.85e-6,-3.76e-4,-2.97e-6,-8.48e-4,4.323e-7,0.029956,8.011e-7,-0.02499,-4.64e-6,-1.12e-3,-3.44e-6,-5.19e-4,-2.85e-6,-3.76e-4,-4.64e-6,-1.12e-3,1.203e-4,0.027401,8.564e-5,0.014497,-2.97e-6,-8.48e-4,-3.44e-6,-5.19e-4,8.564e-5,0.014497,8.874e-5,0.021964
21.9000000,7.904e-7,-0.02485,5.226e-7,0.029843,-5.08e-6,-5.62e-4,-4.92e-6,-1.03e-3,5.226e-7,0.029843,9.320e-7,-0.02483,-7.86e-6,-1.41e-3,-6.07e-6,-7.43e-4,-5.08e-6,-5.62e-4,-7.86e-6,-1.41e-3,2.011e-4,0.034952,1.516e-4,0.020072,-4.92e-6,-1.03e-3,-6.07e-6,-7.43e-4,1.516e-4,0.020072,1.458e-4,0.027474
22.0000000,9.655e-7,-0.02469,7.604e-7,0.029738,-1.10e-5,-9.29e-4,-9.98e-6,-1.37e-3,7.604e-7,0.029738,1.271e-6,-0.02466,-1.63e-5,-1.96e-3,-1.30e-5,-1.18e-3,-1.10e-5,-9.29e-4,-1.63e-5,-1.96e-3,4.134e-4,0.048954,3.272e-4,0.030960,-9.98e-6,-1.37e-3,-1.30e-5,-1.18e-3,3.272e-4,0.030960,2.950e-4,0.037525
22.1000000,1.717e-6,-0.02452,1.806e-6,0.029659,-3.73e-5,-1.92e-3,-3.21e-5,-2.24e-3,1.806e-6,0.029659,2.745e-6,-0.02447,-5.33e-5,-3.39e-3,-4.39e-5,-2.35e-3,-3.73e-5,-1.92e-3,-5.33e-5,-3.39e-3,0.001343,0.085138,0.001102,0.060299,-3.21e-5,-2.24e-3,-4.39e-5,-2.35e-3,0.001102,0.060299,9.464e-4,0.063128
22.2000000,3.268e-5,-0.02409,4.528e-5,0.029938,-1.13e-3,-0.01189,-9.46e-4,-0.01063,4.528e-5,0.029938,6.379e-5,-0.02376,-1.59e-3,-0.01745,-1.33e-3,-0.01407,-1.13e-3,-0.01189,-1.59e-3,-0.01745,0.039923,0.438679,0.033371,0.354978,-9.46e-4,-0.01063,-1.33e-3,-0.01407,0.033371,0.354978,0.027943,0.310833
22.3000000,3.302e-6,-0.02440,4.008e-6,0.029193,-9.25e-5,0.003905,-7.86e-5,0.002536,4.008e-6,0.029193,5.853e-6,-0.02450,-1.31e-4,0.004679,-1.09e-4,0.004479,-9.25e-5,0.003905,-1.31e-4,0.004679,0.003304,-0.11743,0.002735,-0.11142,-7.86e-5,0.002536,-1.09e-4,0.004479,0.002735,-0.11142,0.002320,-0.07791
22.4000000,1.178e-6,-0.02420,1.009e-6,0.029156,-1.71e-5,0.001954,-1.58e-5,8.410e-4,1.009e-6,0.029156,1.653e-6,-0.02425,-2.56e-5,0.001870,-2.03e-5,0.002178,-1.71e-5,0.001954,-2.56e-5,0.001870,6.476e-4,-0.04662,5.084e-4,-0.05361,-1.58e-5,8.410e-4,-2.03e-5,0.002178,5.084e-4,-0.05361,4.634e-4,-0.02793
22.5000000,8.918e-7,-0.02405,5.852e-7,0.029062,-6.36e-6,0.001437,-7.16e-6,3.323e-4,5.852e-7,0.029062,1.073e-6,-0.02408,-1.09e-5,0.001061,-7.75e-6,0.001559,-6.36e-6,0.001437,-1.09e-5,0.001061,2.793e-4,-0.02609,1.936e-4,-0.03813,-7.16e-6,3.323e-4,-7.75e-6,0.001559,1.936e-4,-0.03813,2.078e-4,-0.01304
22.6000000,8.115e-7,-0.02390,4.446e-7,0.028958,-2.77e-6,0.001224,-4.62e-6,5.920e-5,4.446e-7,0.028958,8.953e-7,-0.02393,-6.41e-6,6.583e-4,-3.61e-6,0.001294,-2.77e-6,0.001224,-6.41e-6,6.583e-4,1.655e-4,-0.01576,8.915e-5,-0.03155,-4.62e-6,5.920e-5,-3.61e-6,0.001294,8.915e-5,-0.03155,1.310e-4,-5.18e-3
22.7000000,7.892e-7,-0.02376,3.749e-7,0.028850,-9.64e-7,0.001133,-3.76e-6,-1.37e-4,3.749e-7,0.028850,8.253e-7,-0.02378,-4.58e-6,3.996e-4,-1.58e-6,0.001170,-9.64e-7,0.001133,-4.58e-6,3.996e-4,1.198e-4,-9.05e-3,3.789e-5,-0.02849,-3.76e-6,-1.37e-4,-1.58e-6,0.001170,3.789e-5,-0.02849,1.031e-4,3.096e-4
22.8000000,7.946e-7,-0.02362,3.270e-7,0.028740,3.055e-7,0.001113,-3.67e-6,-3.10e-4,3.270e-7,0.028740,7.991e-7,-0.02364,-3.86e-6,2.007e-4,-2.34e-7,0.001123,3.055e-7,0.001113,-3.86e-6,2.007e-4,1.020e-4,-3.82e-3,3.649e-6,-0.02742,-3.67e-6,-3.10e-4,-2.34e-7,0.001123,3.649e-6,-0.02742,9.670e-5,0.004989
22.9000000,8.232e-7,-0.02347,2.811e-7,0.028629,1.536e-6,0.001152,-4.16e-6,-4.92e-4,2.811e-7,0.028629,7.988e-7,-0.02350,-3.79e-6,2.137e-5,9.801e-7,0.001135,1.536e-6,0.001152,-3.79e-6,2.137e-5,1.011e-4,9.420e-4,-2.76e-5,-0.02786,-4.16e-6,-4.92e-4,9.801e-7,0.001135,-2.76e-5,-0.02786,1.055e-4,0.009689
23.0000000,8.836e-7,-0.02333,2.211e-7,0.028516,3.144e-6,0.001254,-5.42e-6,-7.11e-4,2.211e-7,0.028516,8.236e-7,-0.02336,-4.38e-6,-1.68e-4,2.475e-6,0.001210,3.144e-6,0.001254,-4.38e-6,-1.68e-4,1.170e-4,0.005995,-6.64e-5,-0.02990,-5.42e-6,-7.11e-4,2.475e-6,0.001210,-6.64e-5,-0.02990,1.328e-4,0.015168
23.1000000,1.007e-6,-0.02319,1.185e-7,0.028401,5.869e-6,0.001453,-8.15e-6,-1.02e-3,1.185e-7,0.028401,8.891e-7,-0.02322,-6.02e-6,-4.05e-4,4.919e-6,0.001372,5.869e-6,0.001453,-6.02e-6,-4.05e-4,1.604e-4,0.012319,-1.30e-4,-0.03422,-8.15e-6,-1.02e-3,4.919e-6,0.001372,-1.30e-4,-0.03422,1.942e-4,0.022575
23.2000000,1.300e-6,-0.02303,-1.09e-7,0.028280,1.187e-5,0.001840,-1.48e-5,-1.52e-3,-1.09e-7,0.028280,1.055e-6,-0.02307,-1.03e-5,-7.68e-4,1.021e-5,0.001701,1.187e-5,0.001840,-1.03e-5,-7.68e-4,2.726e-4,0.021934,-2.69e-4,-0.04290,-1.48e-5,-1.52e-3,1.021e-5,0.001701,-2.69e-4,-0.04290,3.449e-4,0.034493
23.3000000,2.267e-6,-0.02286,-8.48e-7,0.028140,3.130e-5,0.002732,-3.68e-5,-2.60e-3,-8.48e-7,0.028140,1.614e-6,-0.02292,-2.49e-5,-1.50e-3,2.723e-5,0.002474,3.130e-5,0.002732,-2.49e-5,-1.50e-3,6.550e-4,0.041329,-7.15e-4,-0.06321,-3.68e-5,-2.60e-3,2.723e-5,0.002474,-7.15e-4,-0.06321,8.504e-4,0.059410
23.4000000,1.044e-5,-0.02255,-7.08e-6,0.027898,1.948e-4,0.006343,-2.24e-4,-6.78e-3,-7.08e-6,0.027898,6.366e-6,-0.02268,-1.49e-4,-4.30e-3,1.702e-4,0.005625,1.948e-4,0.006343,-1.49e-4,-4.30e-3,0.003918,0.114802,-4.46e-3,-0.14586,-2.24e-4,-6.78e-3,1.702e-4,0.005625,-4.46e-3,-0.14586,0.005146,0.155580
23.5000000,4.309e-5,-0.02336,-3.20e-5,0.028511,8.473e-4,-0.01244,-9.73e-4,0.014732,-3.20e-5,0.028511,2.534e-5,-0.02310,-6.47e-4,0.009983,7.409e-4,-0.01081,8.473e-4,-0.01244,-6.47e-4,0.009983,0.016955,-0.25947,-0.01942,0.284860,-9.73e-4,0.014732,7.409e-4,-0.01081,-0.01942,0.284860,0.022303,-0.33735
23.6000000,3.230e-6,-0.02275,-1.58e-6,0.028044,5.064e-5,-2.90e-3,-5.86e-5,0.003755,-1.58e-6,0.028044,2.170e-6,-0.02269,-3.92e-5,0.002675,4.421e-5,-2.47e-3,5.064e-5,-2.90e-3,-3.92e-5,0.002675,0.001031,-0.06775,-1.16e-3,0.066152,-5.86e-5,0.003755,4.421e-5,-2.47e-3,-1.16e-3,0.066152,0.001350,-0.08546
23.7000000,1.510e-6,-0.02256,-2.68e-7,0.027891,1.627e-5,-1.57e-3,-1.91e-5,0.002210,-2.68e-7,0.027891,1.171e-6,-0.02253,-1.29e-5,0.001637,1.416e-5,-1.31e-3,1.627e-5,-1.57e-3,-1.29e-5,0.001637,3.423e-4,-0.04039,-3.72e-4,0.035830,-1.91e-5,0.002210,1.416e-5,-1.31e-3,-3.72e-4,0.035830,4.439e-4,-0.04979
23.8000000,1.089e-6,-0.02241,5.468e-8,0.027771,7.851e-6,-1.05e-3,-9.41e-6,0.001590,5.468e-8,0.027771,9.262e-7,-0.02238,-6.43e-6,0.001216,6.805e-6,-8.57e-4,7.851e-6,-1.05e-3,-6.43e-6,0.001216,1.723e-4,-0.02920,-1.79e-4,0.023930,-9.41e-6,0.001590,6.805e-6,-8.57e-4,-1.79e-4,0.023930,2.208e-4,-0.03535
23.9000000,9.264e-7,-0.02227,1.816e-7,0.027660,4.571e-6,-7.74e-4,-5.60e-6,0.001255,1.816e-7,0.027660,8.318e-7,-0.02225,-3.87e-6,9.850e-4,3.944e-6,-6.19e-4,4.571e-6,-7.74e-4,-3.87e-6,9.850e-4,1.053e-4,-0.02298,-1.04e-4,0.017648,-5.60e-6,0.001255,3.944e-6,-6.19e-4,-1.04e-4,0.017648,1.332e-4,-0.02744
24.0000000,8.477e-7,-0.02213,2.446e-7,0.027555,2.967e-6,-6.05e-4,-3.71e-6,0.001044,2.446e-7,0.027555,7.865e-7,-0.02212,-2.60e-6,8.379e-4,2.548e-6,-4.73e-4,2.967e-6,-6.05e-4,-2.60e-6,8.379e-4,7.206e-5,-0.01896,-6.72e-5,0.013803,-3.71e-6,0.001044,2.548e-6,-4.73e-4,-6.72e-5,0.013803,8.994e-5,-0.02239
24.1000000,8.045e-7,-0.02200,2.807e-7,0.027452,2.068e-6,-4.91e-4,-2.64e-6,8.986e-4,2.807e-7,0.027452,7.621e-7,-0.02200,-1.87e-6,7.354e-4,1.768e-6,-3.76e-4,2.068e-6,-4.91e-4,-1.87e-6,7.354e-4,5.311e-5,-0.01611,-4.67e-5,0.011227,-2.64e-6,8.986e-4,1.768e-6,-3.76e-4,-4.67e-5,0.011227,6.538e-5,-0.01886
24.2000000,7.789e-7,-0.02188,3.035e-7,0.027352,1.515e-6,-4.09e-4,-1.98e-6,7.927e-4,3.035e-7,0.027352,7.479e-7,-0.02187,-1.41e-6,6.596e-4,1.290e-6,-3.06e-4,1.515e-6,-4.09e-4,-1.41e-6,6.596e-4,4.125e-5,-0.01395,-3.41e-5,0.009393,-1.98e-6,7.927e-4,1.290e-6,-3.06e-4,-3.41e-5,0.009393,5.009e-5,-0.01622
24.3000000,7.629e-7,-0.02175,3.191e-7,0.027253,1.153e-6,-3.49e-4,-1.53e-6,7.119e-4,3.191e-7,0.027253,7.395e-7,-0.02175,-1.11e-6,6.011e-4,9.775e-7,-2.55e-4,1.153e-6,-3.49e-4,-1.11e-6,6.011e-4,3.331e-5,-0.01224,-2.59e-5,0.008030,-1.53e-6,7.119e-4,9.775e-7,-2.55e-4,-2.59e-5,0.008030,3.992e-5,-0.01416
24.4000000,7.528e-7,-0.02163,3.305e-7,0.027156,9.035e-7,-3.02e-4,-1.22e-6,6.483e-4,3.305e-7,0.027156,7.345e-7,-0.02163,-8.88e-7,5.547e-4,7.630e-7,-2.16e-4,9.035e-7,-3.02e-4,-8.88e-7,5.547e-4,2.773e-5,-0.01084,-2.02e-5,0.006981,-1.22e-6,6.483e-4,7.630e-7,-2.16e-4,-2.02e-5,0.006981,3.280e-5,-0.01250
24.5000000,7.463e-7,-0.02151,3.391e-7,0.027060,7.247e-7,-2.65e-4,-9.92e-7,5.970e-4,3.391e-7,0.027060,7.318e-7,-0.02150,-7.27e-7,5.169e-4,6.099e-7,-1.85e-4,7.247e-7,-2.65e-4,-7.27e-7,5.169e-4,2.364e-5,-9.67e-3,-1.62e-5,0.006152,-9.92e-7,5.970e-4,6.099e-7,-1.85e-4,-1.62e-5,0.006152,2.762e-5,-0.01112
24.6000000,7.423e-7,-0.02139,3.460e-7,0.026965,5.925e-7,-2.35e-4,-8.21e-7,5.548e-4,3.460e-7,0.026965,7.305e-7,-0.02139,-6.05e-7,4.856e-4,4.974e-7,-1.60e-4,5.925e-7,-2.35e-4,-6.05e-7,4.856e-4,2.056e-5,-8.66e-3,-1.32e-5,0.005484,-8.21e-7,5.548e-4,4.974e-7,-1.60e-4,-1.32e-5,0.005484,2.373e-5,-9.95e-3
24.7000000,7.399e-7,-0.02127,3.517e-7,0.026871,4.922e-7,-2.10e-4,-6.88e-7,5.197e-4,3.517e-7,0.026871,7.302e-7,-0.02127,-5.09e-7,4.593e-4,4.124e-7,-1.39e-4,4.922e-7,-2.10e-4,-5.09e-7,4.593e-4,1.819e-5,-7.77e-3,-1.09e-5,0.004935,-6.88e-7,5.197e-4,4.124e-7,-1.39e-4,-1.09e-5,0.004935,2.074e-5,-8.93e-3
24.8000000,7.388e-7,-0.02115,3.565e-7,0.026778,4.146e-7,-1.90e-4,-5.82e-7,4.899e-4,3.565e-7,0.026778,7.307e-7,-0.02115,-4.32e-7,4.369e-4,3.471e-7,-1.22e-4,4.146e-7,-1.90e-4,-4.32e-7,4.369e-4,1.632e-5,-6.99e-3,-9.18e-6,0.004477,-5.82e-7,4.899e-4,3.471e-7,-1.22e-4,-9.18e-6,0.004477,1.840e-5,-8.05e-3
24.9000000,7.386e-7,-0.02104,3.607e-7,0.026686,3.534e-7,-1.72e-4,-4.97e-7,4.645e-4,3.607e-7,0.026686,7.317e-7,-0.02103,-3.69e-7,4.178e-4,2.958e-7,-1.07e-4,3.534e-7,-1.72e-4,-3.69e-7,4.178e-4,1.482e-5,-6.29e-3,-7.80e-6,0.004091,-4.97e-7,4.645e-4,2.958e-7,-1.07e-4,-7.80e-6,0.004091,1.653e-5,-7.25e-3
25.0000000,7.390e-7,-0.02092,3.644e-7,0.026595,3.043e-7,-1.57e-4,-4.27e-7,4.427e-4,3.644e-7,0.026595,7.332e-7,-0.02092,-3.16e-7,4.013e-4,2.551e-7,-9.52e-5,3.043e-7,-1.57e-4,-3.16e-7,4.013e-4,1.361e-5,-5.65e-3,-6.69e-6,0.003762,-4.27e-7,4.427e-4,2.551e-7,-9.52e-5,-6.69e-6,0.003762,1.502e-5,-6.54e-3
25.1000000,7.400e-7,-0.02080,3.678e-7,0.026505,2.645e-7,-1.45e-4,-3.69e-7,4.238e-4,3.678e-7,0.026505,7.350e-7,-0.02080,-2.72e-7,3.870e-4,2.223e-7,-8.45e-5,2.645e-7,-1.45e-4,-2.72e-7,3.870e-4,1.262e-5,-5.06e-3,-5.79e-6,0.003478,-3.69e-7,4.238e-4,2.223e-7,-8.45e-5,-5.79e-6,0.003478,1.379e-5,-5.90e-3
25.2000000,7.413e-7,-0.02069,3.709e-7,0.026416,2.319e-7,-1.33e-4,-3.19e-7,4.074e-4,3.709e-7,0.026416,7.370e-7,-0.02069,-2.34e-7,3.747e-4,1.956e-7,-7.52e-5,2.319e-7,-1.33e-4,-2.34e-7,3.747e-4,1.180e-5,-4.52e-3,-5.05e-6,0.003231,-3.19e-7,4.074e-4,1.956e-7,-7.52e-5,-5.05e-6,0.003231,1.277e-5,-5.30e-3
25.3000000,7.430e-7,-0.02058,3.739e-7,0.026328,2.048e-7,-1.24e-4,-2.77e-7,3.930e-4,3.739e-7,0.026328,7.393e-7,-0.02057,-2.01e-7,3.639e-4,1.737e-7,-6.70e-5,2.048e-7,-1.24e-4,-2.01e-7,3.639e-4,1.113e-5,-4.01e-3,-4.44e-6,0.003016,-2.77e-7,3.930e-4,1.737e-7,-6.70e-5,-4.44e-6,0.003016,1.192e-5,-4.75e-3
25.4000000,7.450e-7,-0.02046,3.766e-7,0.026240,1.822e-7,-1.15e-4,-2.40e-7,3.805e-4,3.766e-7,0.026240,7.417e-7,-0.02046,-1.71e-7,3.545e-4,1.556e-7,-5.97e-5,1.822e-7,-1.15e-4,-1.71e-7,3.545e-4,1.057e-5,-3.53e-3,-3.92e-6,0.002826,-2.40e-7,3.805e-4,1.556e-7,-5.97e-5,-3.92e-6,0.002826,1.122e-5,-4.24e-3
25.5000000,7.472e-7,-0.02035,3.793e-7,0.026153,1.631e-7,-1.07e-4,-2.07e-7,3.695e-4,3.793e-7,0.026153,7.443e-7,-0.02035,-1.45e-7,3.465e-4,1.406e-7,-5.32e-5,1.631e-7,-1.07e-4,-1.45e-7,3.465e-4,1.011e-5,-3.08e-3,-3.48e-6,0.002657,-2.07e-7,3.695e-4,1.406e-7,-5.32e-5,-3.48e-6,0.002657,1.063e-5,-3.76e-3
25.6000000,7.495e-7,-0.02024,3.818e-7,0.026067,1.470e-7,-1.00e-4,-1.78e-7,3.600e-4,3.818e-7,0.026067,7.470e-7,-0.02024,-1.21e-7,3.395e-4,1.281e-7,-4.73e-5,1.470e-7,-1.00e-4,-1.21e-7,3.395e-4,9.728e-6,-2.65e-3,-3.10e-6,0.002508,-1.78e-7,3.600e-4,1.281e-7,-4.73e-5,-3.10e-6,0.002508,1.014e-5,-3.31e-3
25.7000000,7.520e-7,-0.02013,3.843e-7,0.025982,1.332e-7,-9.38e-5,-1.52e-7,3.516e-4,3.843e-7,0.025982,7.499e-7,-0.02013,-9.96e-8,3.335e-4,1.177e-7,-4.20e-5,1.332e-7,-9.38e-5,-9.96e-8,3.335e-4,9.416e-6,-2.23e-3,-2.78e-6,0.002374,-1.52e-7,3.516e-4,1.177e-7,-4.20e-5,-2.78e-6,0.002374,9.726e-6,-2.88e-3
25.8000000,7.547e-7,-0.02002,3.866e-7,0.025897,1.215e-7,-8.81e-5,-1.29e-7,3.444e-4,3.866e-7,0.025897,7.528e-7,-0.02002,-7.94e-8,3.285e-4,1.090e-7,-3.70e-5,1.215e-7,-8.81e-5,-7.94e-8,3.285e-4,9.166e-6,-1.83e-3,-2.49e-6,0.002254,-1.29e-7,3.444e-4,1.090e-7,-3.70e-5,-2.49e-6,0.002254,9.385e-6,-2.47e-3
25.9000000,7.574e-7,-0.01991,3.890e-7,0.025813,1.114e-7,-8.28e-5,-1.07e-7,3.381e-4,3.890e-7,0.025813,7.558e-7,-0.01991,-6.05e-8,3.243e-4,1.018e-7,-3.25e-5,1.114e-7,-8.28e-5,-6.05e-8,3.243e-4,8.969e-6,-1.45e-3,-2.24e-6,0.002147,-1.07e-7,3.381e-4,1.018e-7,-3.25e-5,-2.24e-6,0.002147,9.107e-6,-2.07e-3
26.0000000,7.603e-7,-0.01980,3.913e-7,0.025730,1.027e-7,-7.81e-5,-8.68e-8,3.328e-4,3.913e-7,0.025730,7.589e-7,-0.01980,-4.26e-8,3.209e-4,9.585e-8,-2.82e-5,1.027e-7,-7.81e-5,-4.26e-8,3.209e-4,8.822e-6,-1.07e-3,-2.01e-6,0.002050,-8.68e-8,3.328e-4,9.585e-8,-2.82e-5,-2.01e-6,0.002050,8.882e-6,-1.69e-3
26.1000000,7.633e-7,-0.01969,3.936e-7,0.025648,9.535e-8,-7.37e-5,-6.78e-8,3.283e-4,3.936e-7,0.025648,7.621e-7,-0.01969,-2.53e-8,3.182e-4,9.103e-8,-2.43e-5,9.535e-8,-7.37e-5,-2.53e-8,3.182e-4,8.719e-6,-7.04e-4,-1.81e-6,0.001963,-6.78e-8,3.283e-4,9.103e-8,-2.43e-5,-1.81e-6,0.001963,8.706e-6,-1.32e-3
26.2000000,7.663e-7,-0.01959,3.958e-7,0.025567,8.905e-8,-6.96e-5,-4.99e-8,3.246e-4,3.958e-7,0.025567,7.654e-7,-0.01959,-8.57e-9,3.163e-4,8.720e-8,-2.05e-5,8.905e-8,-6.96e-5,-8.57e-9,3.163e-4,8.658e-6,-3.42e-4,-1.62e-6,0.001884,-4.99e-8,3.246e-4,8.720e-8,-2.05e-5,-1.62e-6,0.001884,8.574e-6,-9.56e-4
26.3000000,7.694e-7,-0.01948,3.980e-7,0.025486,8.370e-8,-6.58e-5,-3.27e-8,3.217e-4,3.980e-7,0.025486,7.687e-7,-0.01948,7.926e-9,3.151e-4,8.428e-8,-1.69e-5,8.370e-8,-6.58e-5,7.926e-9,3.151e-4,8.637e-6,1.490e-5,-1.45e-6,0.001814,-3.27e-8,3.217e-4,8.428e-8,-1.69e-5,-1.45e-6,0.001814,8.484e-6,-6.01e-4
26.4000000,7.726e-7,-0.01938,4.002e-7,0.025406,7.922e-8,-6.22e-5,-1.59e-8,3.195e-4,4.002e-7,0.025406,7.721e-7,-0.01938,2.435e-8,3.146e-4,8.219e-8,-1.34e-5,7.922e-8,-6.22e-5,2.435e-8,3.146e-4,8.655e-6,3.693e-4,-1.30e-6,0.001750,-1.59e-8,3.195e-4,8.219e-8,-1.34e-5,-1.30e-6,0.001750,8.432e-6,-2.52e-4
26.5000000,7.759e-7,-0.01927,4.025e-7,0.025326,7.554e-8,-5.88e-5,4.97e-10,3.180e-4,4.025e-7,0.025326,7.755e-7,-0.01927,4.089e-8,3.147e-4,8.090e-8,-1.00e-5,7.554e-8,-5.88e-5,4.089e-8,3.147e-4,8.711e-6,7.225e-4,-1.15e-6,0.001694,4.97e-10,3.180e-4,8.090e-8,-1.00e-5,-1.15e-6,0.001694,8.417e-6,9.300e-5
26.6000000,7.792e-7,-0.01917,4.047e-7,0.025247,7.261e-8,-5.55e-5,1.681e-8,3.171e-4,4.047e-7,0.025247,7.791e-7,-0.01917,5.775e-8,3.155e-4,8.038e-8,-6.70e-6,7.261e-8,-5.55e-5,5.775e-8,3.155e-4,8.805e-6,0.001076,-1.00e-6,0.001644,1.681e-8,3.171e-4,8.038e-8,-6.70e-6,-1.00e-6,0.001644,8.438e-6,4.355e-4
26.7000000,7.827e-7,-0.01906,4.069e-7,0.025169,7.041e-8,-5.24e-5,3.319e-8,3.170e-4,4.069e-7,0.025169,7.827e-7,-0.01906,7.511e-8,3.171e-4,8.063e-8,-3.41e-6,7.041e-8,-5.24e-5,7.511e-8,3.171e-4,8.940e-6,0.001432,-8.63e-7,0.001599,3.319e-8,3.170e-4,8.063e-8,-3.41e-6,-8.63e-7,0.001599,8.496e-6,7.771e-4
26.8000000,7.861e-7,-0.01896,4.091e-7,0.025092,6.890e-8,-4.94e-5,4.983e-8,3.175e-4,4.091e-7,0.025092,7.864e-7,-0.01896,9.318e-8,3.193e-4,8.165e-8,-1.21e-7,6.890e-8,-4.94e-5,9.318e-8,3.193e-4,9.115e-6,0.001791,-7.25e-7,0.001561,4.983e-8,3.175e-4,8.165e-8,-1.21e-7,-7.25e-7,0.001561,8.590e-6,0.001119
26.9000000,7.897e-7,-0.01886,4.113e-7,0.025015,6.811e-8,-4.65e-5,6.690e-8,3.186e-4,4.113e-7,0.025015,7.902e-7,-0.01886,1.122e-7,3.222e-4,8.349e-8,3.202e-6,6.811e-8,-4.65e-5,1.122e-7,3.222e-4,9.335e-6,0.002155,-5.85e-7,0.001529,6.690e-8,3.186e-4,8.349e-8,3.202e-6,-5.85e-7,0.001529,8.721e-6,0.001463
27.0000000,7.933e-7,-0.01876,4.136e-7,0.024939,6.807e-8,-4.36e-5,8.461e-8,3.205e-4,4.136e-7,0.024939,7.940e-7,-0.01876,1.324e-7,3.259e-4,8.621e-8,6.590e-6,6.807e-8,-4.36e-5,1.324e-7,3.259e-4,9.602e-6,0.002527,-4.42e-7,0.001502,8.461e-8,3.205e-4,8.621e-8,6.590e-6,-4.42e-7,0.001502,8.893e-6,0.001811
27.1000000,7.971e-7,-0.01866,4.158e-7,0.024864,6.880e-8,-4.07e-5,1.032e-7,3.230e-4,4.158e-7,0.024864,7.980e-7,-0.01866,1.541e-7,3.304e-4,8.988e-8,1.008e-5,6.880e-8,-4.07e-5,1.541e-7,3.304e-4,9.921e-6,0.002907,-2.92e-7,0.001482,1.032e-7,3.230e-4,8.988e-8,1.008e-5,-2.92e-7,0.001482,9.106e-6,0.002163
27.2000000,8.009e-7,-0.01856,4.181e-7,0.024789,7.041e-8,-3.78e-5,1.229e-7,3.263e-4,4.181e-7,0.024789,8.021e-7,-0.01855,1.777e-7,3.358e-4,9.461e-8,1.371e-5,7.041e-8,-3.78e-5,1.777e-7,3.358e-4,1.030e-5,0.003299,-1.33e-7,0.001468,1.229e-7,3.263e-4,9.461e-8,1.371e-5,-1.33e-7,0.001468,9.365e-6,0.002523
27.3000000,8.048e-7,-0.01846,4.205e-7,0.024715,7.298e-8,-3.48e-5,1.439e-7,3.304e-4,4.205e-7,0.024715,8.063e-7,-0.01845,2.034e-7,3.421e-4,1.006e-7,1.753e-5,7.298e-8,-3.48e-5,2.034e-7,3.421e-4,1.074e-5,0.003704,4.102e-8,0.001460,1.439e-7,3.304e-4,1.006e-7,1.753e-5,4.102e-8,0.001460,9.675e-6,0.002891
27.4000000,8.088e-7,-0.01836,4.229e-7,0.024641,7.667e-8,-3.17e-5,1.666e-7,3.354e-4,4.229e-7,0.024641,8.107e-7,-0.01836,2.318e-7,3.495e-4,1.079e-7,2.157e-5,7.667e-8,-3.17e-5,2.318e-7,3.495e-4,1.126e-5,0.004124,2.327e-7,0.001460,1.666e-7,3.354e-4,1.079e-7,2.157e-5,2.327e-7,0.001460,1.004e-5,0.003270
27.5000000,8.129e-7,-0.01826,4.253e-7,0.024568,8.163e-8,-2.85e-5,1.914e-7,3.412e-4,4.253e-7,0.024568,8.152e-7,-0.01826,2.635e-7,3.579e-4,1.169e-7,2.591e-5,8.163e-8,-2.85e-5,2.635e-7,3.579e-4,1.186e-5,0.004564,4.483e-7,0.001468,1.914e-7,3.412e-4,1.169e-7,2.591e-5,4.483e-7,0.001468,1.047e-5,0.003661
27.6000000,8.172e-7,-0.01816,4.279e-7,0.024496,8.815e-8,-2.51e-5,2.187e-7,3.480e-4,4.279e-7,0.024496,8.199e-7,-0.01816,2.992e-7,3.677e-4,1.279e-7,3.061e-5,8.815e-8,-2.51e-5,2.992e-7,3.677e-4,1.257e-5,0.005026,6.945e-7,0.001485,2.187e-7,3.480e-4,1.279e-7,3.061e-5,6.945e-7,0.001485,1.097e-5,0.004068
27.7000000,8.216e-7,-0.01806,4.305e-7,0.024424,9.656e-8,-2.14e-5,2.490e-7,3.558e-4,4.305e-7,0.024424,8.249e-7,-0.01806,3.397e-7,3.788e-4,1.413e-7,3.575e-5,9.656e-8,-2.14e-5,3.397e-7,3.788e-4,1.339e-5,0.005515,9.806e-7,0.001512,2.490e-7,3.558e-4,1.413e-7,3.575e-5,9.806e-7,0.001512,1.156e-5,0.004493
27.8000000,8.262e-7,-0.01797,4.332e-7,0.024353,1.073e-7,-1.74e-5,2.831e-7,3.649e-4,4.332e-7,0.024353,8.302e-7,-0.01796,3.861e-7,3.915e-4,1.577e-7,4.143e-5,1.073e-7,-1.74e-5,3.861e-7,3.915e-4,1.436e-5,0.006035,1.318e-6,0.001550,2.831e-7,3.649e-4,1.577e-7,4.143e-5,1.318e-6,0.001550,1.224e-5,0.004940
27.9000000,8.310e-7,-0.01787,4.361e-7,0.024283,1.209e-7,-1.29e-5,3.217e-7,3.753e-4,4.361e-7,0.024283,8.358e-7,-0.01787,4.398e-7,4.061e-4,1.778e-7,4.778e-5,1.209e-7,-1.29e-5,4.398e-7,4.061e-4,1.551e-5,0.006592,1.721e-6,0.001603,3.217e-7,3.753e-4,1.778e-7,4.778e-5,1.721e-6,0.001603,1.305e-5,0.005413
28.0000000,8.361e-7,-0.01777,4.392e-7,0.024213,1.383e-7,-7.84e-6,3.660e-7,3.873e-4,4.392e-7,0.024213,8.418e-7,-0.01777,5.028e-7,4.229e-4,2.025e-7,5.494e-5,1.383e-7,-7.84e-6,5.028e-7,4.229e-4,1.686e-5,0.007194,2.210e-6,0.001673,3.660e-7,3.873e-4,2.025e-7,5.494e-5,2.210e-6,0.001673,1.400e-5,0.005915
28.1000000,8.415e-7,-0.01768,4.425e-7,0.024144,1.606e-7,-2.07e-6,4.173e-7,4.009e-4,4.425e-7,0.024144,8.484e-7,-0.01767,5.775e-7,4.421e-4,2.333e-7,6.311e-5,1.606e-7,-2.07e-6,5.775e-7,4.421e-4,1.849e-5,0.007848,2.813e-6,0.001763,4.173e-7,4.009e-4,2.333e-7,6.311e-5,2.813e-6,0.001763,1.512e-5,0.006455
28.2000000,8.473e-7,-0.01758,4.462e-7,0.024075,1.893e-7,4.617e-6,4.775e-7,4.167e-4,4.462e-7,0.024075,8.557e-7,-0.01758,6.670e-7,4.644e-4,2.720e-7,7.254e-5,1.893e-7,4.617e-6,6.670e-7,4.644e-4,2.046e-5,0.008567,3.569e-6,0.001878,4.775e-7,4.167e-4,2.720e-7,7.254e-5,3.569e-6,0.001878,1.646e-5,0.007037
28.3000000,8.536e-7,-0.01749,4.503e-7,0.024008,2.265e-7,1.251e-5,5.489e-7,4.348e-4,4.503e-7,0.024008,8.639e-7,-0.01748,7.761e-7,4.903e-4,3.212e-7,8.358e-5,2.265e-7,1.251e-5,7.761e-7,4.903e-4,2.288e-5,0.009363,4.530e-6,0.002025,5.489e-7,4.348e-4,3.212e-7,8.358e-5,4.530e-6,0.002025,1.808e-5,0.007672
28.4000000,8.606e-7,-0.01739,4.549e-7,0.023940,2.757e-7,2.199e-5,6.352e-7,4.558e-4,4.549e-7,0.023940,8.733e-7,-0.01739,9.112e-7,5.206e-4,3.847e-7,9.668e-5,2.757e-7,2.199e-5,9.112e-7,5.206e-4,2.587e-5,0.010257,5.776e-6,0.002213,6.352e-7,4.558e-4,3.847e-7,9.668e-5,5.776e-6,0.002213,2.006e-5,0.008370
28.5000000,8.684e-7,-0.01730,4.605e-7,0.023874,3.416e-7,3.356e-5,7.410e-7,4.802e-4,4.605e-7,0.023874,8.843e-7,-0.01730,1.081e-6,5.565e-4,4.681e-7,1.124e-4,3.416e-7,3.356e-5,1.081e-6,5.565e-4,2.965e-5,0.011273,7.422e-6,0.002454,7.410e-7,4.802e-4,4.681e-7,1.124e-4,7.422e-6,0.002454,2.250e-5,0.009147
28.6000000,8.773e-7,-0.01721,4.671e-7,0.023808,4.316e-7,4.797e-5,8.734e-7,5.090e-4,4.671e-7,0.023808,8.976e-7,-0.01720,1.301e-6,5.994e-4,5.801e-7,1.318e-4,4.316e-7,4.797e-5,1.301e-6,5.994e-4,3.453e-5,0.012443,9.650e-6,0.002766,8.734e-7,5.090e-4,5.801e-7,1.318e-4,9.650e-6,0.002766,2.559e-5,0.010022
28.7000000,8.878e-7,-0.01711,4.756e-7,0.023743,5.577e-7,6.630e-5,1.043e-6,5.432e-4,4.756e-7,0.023743,9.141e-7,-0.01711,1.591e-6,6.516e-4,7.342e-7,1.559e-4,5.577e-7,6.630e-5,1.591e-6,6.516e-4,4.097e-5,0.013818,1.274e-5,0.003174,1.043e-6,5.432e-4,7.342e-7,1.559e-4,1.274e-5,0.003174,2.957e-5,0.011024
28.8000000,9.007e-7,-0.01702,4.867e-7,0.023678,7.395e-7,9.020e-5,1.267e-6,5.845e-4,4.867e-7,0.023678,9.355e-7,-0.01701,1.987e-6,7.162e-4,9.530e-7,1.868e-4,7.395e-7,9.020e-5,1.987e-6,7.162e-4,4.973e-5,0.015465,1.718e-5,0.003720,1.267e-6,5.845e-4,9.530e-7,1.868e-4,1.718e-5,0.003720,3.485e-5,0.012191
28.9000000,9.170e-7,-0.01693,5.022e-7,0.023615,1.012e-6,1.223e-4,1.574e-6,6.354e-4,5.022e-7,0.023615,9.645e-7,-0.01692,2.550e-6,7.980e-4,1.276e-6,2.275e-4,1.012e-6,1.223e-4,2.550e-6,7.980e-4,6.214e-5,0.017492,2.379e-5,0.004465,1.574e-6,6.354e-4,1.276e-6,2.275e-4,2.379e-5,0.004465,4.211e-5,0.013582
29.0000000,9.389e-7,-0.01683,5.251e-7,0.023553,1.440e-6,1.670e-4,2.016e-6,6.996e-4,5.251e-7,0.023553,1.006e-6,-0.01682,3.388e-6,9.049e-4,1.776e-6,2.829e-4,1.440e-6,1.670e-4,3.388e-6,9.049e-4,8.059e-5,0.020070,3.415e-5,0.005514,2.016e-6,6.996e-4,1.776e-6,2.829e-4,3.415e-5,0.005514,5.257e-5,0.015288
29.1000000,9.708e-7,-0.01674,5.615e-7,0.023492,2.157e-6,2.320e-4,2.692e-6,7.838e-4,5.615e-7,0.023492,1.071e-6,-0.01673,4.726e-6,0.001051,2.603e-6,3.619e-4,2.157e-6,2.320e-4,4.726e-6,0.001051,1.099e-4,0.023498,5.144e-5,0.007056,2.692e-6,7.838e-4,2.603e-6,3.619e-4,5.144e-5,0.007056,6.867e-5,0.017467
29.2000000,1.022e-6,-0.01665,6.259e-7,0.023433,3.470e-6,3.328e-4,3.829e-6,8.999e-4,6.259e-7,0.023433,1.182e-6,-0.01663,7.066e-6,0.001261,4.100e-6,4.819e-4,3.470e-6,3.328e-4,7.066e-6,0.001261,1.609e-4,0.028340,8.304e-5,0.009459,3.829e-6,8.999e-4,4.100e-6,4.819e-4,8.304e-5,0.009459,9.578e-5,0.020405
29.3000000,1.117e-6,-0.01655,7.571e-7,0.023379,6.214e-6,5.036e-4,6.027e-6,0.001074,7.571e-7,0.023379,1.402e-6,-0.01652,1.176e-5,0.001593,7.198e-6,6.811e-4,6.214e-6,5.036e-4,1.176e-5,0.001593,2.630e-4,0.035830,1.490e-4,0.013545,6.027e-6,0.001074,7.198e-6,6.811e-4,1.490e-4,0.013545,1.483e-4,0.024721
29.4000000,1.345e-6,-0.01645,1.093e-6,0.023332,1.337e-5,8.385e-4,1.138e-5,0.001374,1.093e-6,0.023332,1.953e-6,-0.01641,2.360e-5,0.002200,1.521e-5,0.001065,1.337e-5,8.385e-4,2.360e-5,0.002200,5.195e-4,0.049282,3.207e-4,0.021571,1.138e-5,0.001374,1.521e-5,0.001065,3.207e-4,0.021571,2.764e-4,0.032048
29.5000000,2.219e-6,-0.01633,2.455e-6,0.023311,4.264e-5,0.001715,3.225e-5,0.002066,2.455e-6,0.023311,4.147e-6,-0.01625,7.093e-5,0.003691,4.781e-5,0.002053,4.264e-5,0.001715,7.093e-5,0.003691,0.001542,0.081830,0.001023,0.042598,3.225e-5,0.002066,4.781e-5,0.002053,0.001023,0.042598,7.762e-4,0.048774
29.6000000,2.055e-5,-0.01606,3.170e-5,0.023538,6.736e-4,0.007921,4.716e-4,0.006485,3.170e-5,0.023538,5.090e-5,-0.01570,0.001080,0.013717,7.487e-4,0.008963,6.736e-4,0.007921,0.001080,0.013717,0.023313,0.298641,0.016145,0.191338,4.716e-4,0.006485,7.487e-4,0.008963,0.016145,0.191338,0.011306,0.154787
29.7000000,6.279e-6,-0.01634,8.823e-6,0.022882,1.797e-4,-4.93e-3,1.293e-4,-2.32e-3,8.823e-6,0.022882,1.439e-5,-0.01656,2.919e-4,-6.67e-3,2.004e-4,-5.29e-3,1.797e-4,-4.93e-3,2.919e-4,-6.67e-3,0.006314,-0.14085,0.004309,-0.11671,1.293e-4,-2.32e-3,2.004e-4,-5.29e-3,0.004309,-0.11671,0.003102,-0.05603
29.8000000,1.886e-6,-0.01617,1.700e-6,0.022941,2.571e-5,-2.39e-3,2.392e-5,-3.64e-4,1.700e-6,0.022941,3.064e-6,-0.01627,4.760e-5,-2.41e-3,2.960e-5,-2.43e-3,2.571e-5,-2.39e-3,4.760e-5,-2.41e-3,0.001047,-0.04826,6.183e-4,-0.05570,2.392e-5,-3.64e-4,2.960e-5,-2.43e-3,6.183e-4,-0.05570,5.745e-4,-9.19e-3
29.9000000,1.460e-6,-0.01606,8.429e-7,0.022907,6.781e-6,-1.87e-3,1.354e-5,2.611e-4,8.429e-7,0.022907,1.795e-6,-0.01614,2.036e-5,-1.29e-3,9.060e-6,-1.81e-3,6.781e-6,-1.87e-3,2.036e-5,-1.29e-3,4.663e-4,-0.02330,1.660e-4,-0.04304,1.354e-5,2.611e-4,9.060e-6,-1.81e-3,1.660e-4,-0.04304,3.240e-4,0.005802
30.0000000,1.458e-6,-0.01595,5.149e-7,0.022854,-1.08e-6,-1.77e-3,1.328e-5,7.266e-4,5.149e-7,0.022854,1.457e-6,-0.01603,1.341e-5,-7.08e-4,1.228e-6,-1.63e-3,-1.08e-6,-1.77e-3,1.341e-5,-7.08e-4,3.294e-4,-9.49e-3,-2.00e-5,-0.04051,1.328e-5,7.266e-4,1.228e-6,-1.63e-3,-2.00e-5,-0.04051,3.146e-4,0.016891
